# MestreNova Text Export
# Source: easy ethanol
X(ppm);Intensity
4,000505;0,00000162
3,998596;0,00000162
3,996686;0,00000163
3,994777;0,00000163
3,992868;0,00000164
3,990959;0,00000164
3,989050;0,00000164
3,987141;0,00000165
3,985232;0,00000165
3,983323;0,00000165
3,981414;0,00000166
3,979505;0,00000166
3,977596;0,00000167
3,975687;0,00000167
3,973778;0,00000167
3,971869;0,00000168
3,969960;0,00000168
3,968051;0,00000169
3,966142;0,00000169
3,964233;0,00000169
3,962324;0,00000170
3,960415;0,00000170
3,958506;0,00000171
3,956597;0,00000171
3,954688;0,00000172
3,952779;0,00000172
3,950870;0,00000172
3,948961;0,00000173
3,947051;0,00000173
3,945142;0,00000174
3,943233;0,00000174
3,941324;0,00000174
3,939415;0,00000175
3,937506;0,00000175
3,935597;0,00000176
3,933688;0,00000176
3,931779;0,00000177
3,929870;0,00000177
3,927961;0,00000177
3,926052;0,00000178
3,924143;0,00000178
3,922234;0,00000179
3,920325;0,00000179
3,918416;0,00000180
3,916507;0,00000180
3,914598;0,00000181
3,912689;0,00000181
3,910780;0,00000181
3,908871;0,00000182
3,906962;0,00000182
3,905053;0,00000183
3,903144;0,00000183
3,901235;0,00000184
3,899326;0,00000184
3,897416;0,00000185
3,895507;0,00000185
3,893598;0,00000186
3,891689;0,00000186
3,889780;0,00000187
3,887871;0,00000187
3,885962;0,00000188
3,884053;0,00000188
3,882144;0,00000188
3,880235;0,00000189
3,878326;0,00000189
3,876417;0,00000190
3,874508;0,00000190
3,872599;0,00000191
3,870690;0,00000191
3,868781;0,00000192
3,866872;0,00000192
3,864963;0,00000193
3,863054;0,00000193
3,861145;0,00000194
3,859236;0,00000194
3,857327;0,00000195
3,855418;0,00000195
3,853509;0,00000196
3,851600;0,00000196
3,849691;0,00000197
3,847781;0,00000198
3,845872;0,00000198
3,843963;0,00000199
3,842054;0,00000199
3,840145;0,00000200
3,838236;0,00000200
3,836327;0,00000201
3,834418;0,00000201
3,832509;0,00000202
3,830600;0,00000202
3,828691;0,00000203
3,826782;0,00000203
3,824873;0,00000204
3,822964;0,00000205
3,821055;0,00000205
3,819146;0,00000206
3,817237;0,00000206
3,815328;0,00000207
3,813419;0,00000207
3,811510;0,00000208
3,809601;0,00000209
3,807692;0,00000209
3,805783;0,00000210
3,803874;0,00000210
3,801965;0,00000211
3,800056;0,00000211
3,798146;0,00000212
3,796237;0,00000213
3,794328;0,00000213
3,792419;0,00000214
3,790510;0,00000214
3,788601;0,00000215
3,786692;0,00000216
3,784783;0,00000216
3,782874;0,00000217
3,780965;0,00000217
3,779056;0,00000218
3,777147;0,00000219
3,775238;0,00000219
3,773329;0,00000220
3,771420;0,00000221
3,769511;0,00000221
3,767602;0,00000222
3,765693;0,00000222
3,763784;0,00000223
3,761875;0,00000224
3,759966;0,00000224
3,758057;0,00000225
3,756148;0,00000226
3,754239;0,00000226
3,752330;0,00000227
3,750421;0,00000228
3,748511;0,00000228
3,746602;0,00000229
3,744693;0,00000230
3,742784;0,00000230
3,740875;0,00000231
3,738966;0,00000232
3,737057;0,00000232
3,735148;0,00000233
3,733239;0,00000234
3,731330;0,00000235
3,729421;0,00000235
3,727512;0,00000236
3,725603;0,00000237
3,723694;0,00000237
3,721785;0,00000238
3,719876;0,00000239
3,717967;0,00000240
3,716058;0,00000240
3,714149;0,00000241
3,712240;0,00000242
3,710331;0,00000242
3,708422;0,00000243
3,706513;0,00000244
3,704604;0,00000245
3,702695;0,00000245
3,700786;0,00000246
3,698876;0,00000247
3,696967;0,00000248
3,695058;0,00000249
3,693149;0,00000249
3,691240;0,00000250
3,689331;0,00000251
3,687422;0,00000252
3,685513;0,00000252
3,683604;0,00000253
3,681695;0,00000254
3,679786;0,00000255
3,677877;0,00000256
3,675968;0,00000257
3,674059;0,00000257
3,672150;0,00000258
3,670241;0,00000259
3,668332;0,00000260
3,666423;0,00000261
3,664514;0,00000262
3,662605;0,00000262
3,660696;0,00000263
3,658787;0,00000264
3,656878;0,00000265
3,654969;0,00000266
3,653060;0,00000267
3,651151;0,00000268
3,649241;0,00000268
3,647332;0,00000269
3,645423;0,00000270
3,643514;0,00000271
3,641605;0,00000272
3,639696;0,00000273
3,637787;0,00000274
3,635878;0,00000275
3,633969;0,00000276
3,632060;0,00000277
3,630151;0,00000278
3,628242;0,00000278
3,626333;0,00000279
3,624424;0,00000280
3,622515;0,00000281
3,620606;0,00000282
3,618697;0,00000283
3,616788;0,00000284
3,614879;0,00000285
3,612970;0,00000286
3,611061;0,00000287
3,609152;0,00000288
3,607243;0,00000289
3,605334;0,00000290
3,603425;0,00000291
3,601516;0,00000292
3,599606;0,00000293
3,597697;0,00000294
3,595788;0,00000295
3,593879;0,00000296
3,591970;0,00000297
3,590061;0,00000299
3,588152;0,00000300
3,586243;0,00000301
3,584334;0,00000302
3,582425;0,00000303
3,580516;0,00000304
3,578607;0,00000305
3,576698;0,00000306
3,574789;0,00000307
3,572880;0,00000308
3,570971;0,00000310
3,569062;0,00000311
3,567153;0,00000312
3,565244;0,00000313
3,563335;0,00000314
3,561426;0,00000315
3,559517;0,00000316
3,557608;0,00000318
3,555699;0,00000319
3,553790;0,00000320
3,551881;0,00000321
3,549971;0,00000322
3,548062;0,00000324
3,546153;0,00000325
3,544244;0,00000326
3,542335;0,00000327
3,540426;0,00000329
3,538517;0,00000330
3,536608;0,00000331
3,534699;0,00000332
3,532790;0,00000334
3,530881;0,00000335
3,528972;0,00000336
3,527063;0,00000338
3,525154;0,00000339
3,523245;0,00000340
3,521336;0,00000342
3,519427;0,00000343
3,517518;0,00000344
3,515609;0,00000346
3,513700;0,00000347
3,511791;0,00000349
3,509882;0,00000350
3,507973;0,00000351
3,506064;0,00000353
3,504155;0,00000354
3,502246;0,00000356
3,500336;0,00000357
3,498427;0,00000359
3,496518;0,00000360
3,494609;0,00000362
3,492700;0,00000363
3,490791;0,00000364
3,488882;0,00000366
3,486973;0,00000368
3,485064;0,00000369
3,483155;0,00000371
3,481246;0,00000372
3,479337;0,00000374
3,477428;0,00000375
3,475519;0,00000377
3,473610;0,00000379
3,471701;0,00000380
3,469792;0,00000382
3,467883;0,00000383
3,465974;0,00000385
3,464065;0,00000387
3,462156;0,00000388
3,460247;0,00000390
3,458338;0,00000392
3,456429;0,00000394
3,454520;0,00000395
3,452611;0,00000397
3,450701;0,00000399
3,448792;0,00000401
3,446883;0,00000402
3,444974;0,00000404
3,443065;0,00000406
3,441156;0,00000408
3,439247;0,00000410
3,437338;0,00000411
3,435429;0,00000413
3,433520;0,00000415
3,431611;0,00000417
3,429702;0,00000419
3,427793;0,00000421
3,425884;0,00000423
3,423975;0,00000425
3,422066;0,00000427
3,420157;0,00000429
3,418248;0,00000431
3,416339;0,00000433
3,414430;0,00000435
3,412521;0,00000437
3,410612;0,00000439
3,408703;0,00000441
3,406794;0,00000443
3,404885;0,00000445
3,402976;0,00000448
3,401066;0,00000450
3,399157;0,00000452
3,397248;0,00000454
3,395339;0,00000456
3,393430;0,00000459
3,391521;0,00000461
3,389612;0,00000463
3,387703;0,00000466
3,385794;0,00000468
3,383885;0,00000470
3,381976;0,00000473
3,380067;0,00000475
3,378158;0,00000477
3,376249;0,00000480
3,374340;0,00000482
3,372431;0,00000485
3,370522;0,00000487
3,368613;0,00000490
3,366704;0,00000492
3,364795;0,00000495
3,362886;0,00000497
3,360977;0,00000500
3,359068;0,00000503
3,357159;0,00000505
3,355250;0,00000508
3,353341;0,00000511
3,351431;0,00000514
3,349522;0,00000516
3,347613;0,00000519
3,345704;0,00000522
3,343795;0,00000525
3,341886;0,00000528
3,339977;0,00000531
3,338068;0,00000533
3,336159;0,00000536
3,334250;0,00000539
3,332341;0,00000542
3,330432;0,00000545
3,328523;0,00000549
3,326614;0,00000552
3,324705;0,00000555
3,322796;0,00000558
3,320887;0,00000561
3,318978;0,00000564
3,317069;0,00000568
3,315160;0,00000571
3,313251;0,00000574
3,311342;0,00000578
3,309433;0,00000581
3,307524;0,00000584
3,305615;0,00000588
3,303706;0,00000591
3,301796;0,00000595
3,299887;0,00000599
3,297978;0,00000602
3,296069;0,00000606
3,294160;0,00000610
3,292251;0,00000613
3,290342;0,00000617
3,288433;0,00000621
3,286524;0,00000625
3,284615;0,00000629
3,282706;0,00000633
3,280797;0,00000637
3,278888;0,00000641
3,276979;0,00000645
3,275070;0,00000649
3,273161;0,00000653
3,271252;0,00000657
3,269343;0,00000661
3,267434;0,00000666
3,265525;0,00000670
3,263616;0,00000675
3,261707;0,00000679
3,259798;0,00000684
3,257889;0,00000688
3,255980;0,00000693
3,254071;0,00000697
3,252161;0,00000702
3,250252;0,00000707
3,248343;0,00000712
3,246434;0,00000717
3,244525;0,00000722
3,242616;0,00000727
3,240707;0,00000732
3,238798;0,00000737
3,236889;0,00000742
3,234980;0,00000747
3,233071;0,00000753
3,231162;0,00000758
3,229253;0,00000763
3,227344;0,00000769
3,225435;0,00000775
3,223526;0,00000780
3,221617;0,00000786
3,219708;0,00000792
3,217799;0,00000798
3,215890;0,00000804
3,213981;0,00000810
3,212072;0,00000816
3,210163;0,00000822
3,208254;0,00000828
3,206345;0,00000835
3,204436;0,00000841
3,202526;0,00000848
3,200617;0,00000854
3,198708;0,00000861
3,196799;0,00000868
3,194890;0,00000875
3,192981;0,00000882
3,191072;0,00000889
3,189163;0,00000896
3,187254;0,00000904
3,185345;0,00000911
3,183436;0,00000918
3,181527;0,00000926
3,179618;0,00000934
3,177709;0,00000942
3,175800;0,00000950
3,173891;0,00000958
3,171982;0,00000966
3,170073;0,00000974
3,168164;0,00000983
3,166255;0,00000991
3,164346;0,00001000
3,162437;0,00001009
3,160528;0,00001018
3,158619;0,00001027
3,156710;0,00001036
3,154801;0,00001045
3,152892;0,00001055
3,150982;0,00001065
3,149073;0,00001074
3,147164;0,00001084
3,145255;0,00001095
3,143346;0,00001105
3,141437;0,00001115
3,139528;0,00001126
3,137619;0,00001137
3,135710;0,00001148
3,133801;0,00001159
3,131892;0,00001170
3,129983;0,00001182
3,128074;0,00001194
3,126165;0,00001206
3,124256;0,00001218
3,122347;0,00001230
3,120438;0,00001243
3,118529;0,00001255
3,116620;0,00001268
3,114711;0,00001282
3,112802;0,00001295
3,110893;0,00001309
3,108984;0,00001323
3,107075;0,00001337
3,105166;0,00001351
3,103257;0,00001366
3,101347;0,00001381
3,099438;0,00001397
3,097529;0,00001412
3,095620;0,00001428
3,093711;0,00001444
3,091802;0,00001461
3,089893;0,00001477
3,087984;0,00001495
3,086075;0,00001512
3,084166;0,00001530
3,082257;0,00001548
3,080348;0,00001567
3,078439;0,00001585
3,076530;0,00001605
3,074621;0,00001624
3,072712;0,00001644
3,070803;0,00001665
3,068894;0,00001686
3,066985;0,00001707
3,065076;0,00001729
3,063167;0,00001751
3,061258;0,00001774
3,059349;0,00001797
3,057440;0,00001821
3,055531;0,00001845
3,053622;0,00001870
3,051712;0,00001896
3,049803;0,00001922
3,047894;0,00001948
3,045985;0,00001975
3,044076;0,00002003
3,042167;0,00002032
3,040258;0,00002061
3,038349;0,00002090
3,036440;0,00002121
3,034531;0,00002152
3,032622;0,00002184
3,030713;0,00002217
3,028804;0,00002251
3,026895;0,00002285
3,024986;0,00002320
3,023077;0,00002357
3,021168;0,00002394
3,019259;0,00002432
3,017350;0,00002471
3,015441;0,00002511
3,013532;0,00002552
3,011623;0,00002595
3,009714;0,00002638
3,007805;0,00002683
3,005896;0,00002729
3,003987;0,00002776
3,002077;0,00002825
3,000168;0,00002875
2,998259;0,00002926
2,996350;0,00002979
2,994441;0,00003033
2,992532;0,00003089
2,990623;0,00003147
2,988714;0,00003206
2,986805;0,00003268
2,984896;0,00003331
2,982987;0,00003396
2,981078;0,00003463
2,979169;0,00003533
2,977260;0,00003604
2,975351;0,00003678
2,973442;0,00003755
2,971533;0,00003834
2,969624;0,00003916
2,967715;0,00004000
2,965806;0,00004088
2,963897;0,00004178
2,961988;0,00004272
2,960079;0,00004369
2,958170;0,00004470
2,956261;0,00004574
2,954352;0,00004683
2,952442;0,00004795
2,950533;0,00004912
2,948624;0,00005033
2,946715;0,00005159
2,944806;0,00005290
2,942897;0,00005427
2,940988;0,00005569
2,939079;0,00005717
2,937170;0,00005871
2,935261;0,00006032
2,933352;0,00006200
2,931443;0,00006376
2,929534;0,00006559
2,927625;0,00006750
2,925716;0,00006951
2,923807;0,00007161
2,921898;0,00007381
2,919989;0,00007612
2,918080;0,00007854
2,916171;0,00008108
2,914262;0,00008375
2,912353;0,00008657
2,910444;0,00008953
2,908535;0,00009265
2,906626;0,00009595
2,904717;0,00009942
2,902807;0,00010310
2,900898;0,00010699
2,898989;0,00011112
2,897080;0,00011549
2,895171;0,00012014
2,893262;0,00012508
2,891353;0,00013034
2,889444;0,00013594
2,887535;0,00014193
2,885626;0,00014833
2,883717;0,00015519
2,881808;0,00016254
2,879899;0,00017045
2,877990;0,00017895
2,876081;0,00018813
2,874172;0,00019804
2,872263;0,00020878
2,870354;0,00022043
2,868445;0,00023311
2,866536;0,00024694
2,864627;0,00026206
2,862718;0,00027864
2,860809;0,00029687
2,858900;0,00031700
2,856991;0,00033928
2,855082;0,00036404
2,853172;0,00039166
2,851263;0,00042262
2,849354;0,00045747
2,847445;0,00049690
2,845536;0,00054176
2,843627;0,00059311
2,841718;0,00065229
2,839809;0,00072100
2,837900;0,00080142
2,835991;0,00089645
2,834082;0,00100993
2,832173;0,00114708
2,830264;0,00131517
2,828355;0,00152456
2,826446;0,00179052
2,824537;0,00213636
2,822628;0,00259932
2,820719;0,00324241
2,818810;0,00418032
2,816901;0,00564326
2,814992;0,00816040
2,813083;0,01321662
2,811174;0,02649668
2,809265;0,08200058
2,807356;0,15417165
2,805447;0,06193506
2,803537;0,08572534
2,801628;0,29569591
2,799719;0,15536254
2,797810;0,06247920
2,795901;0,08697551
2,793992;0,15867834
2,792083;0,04392429
2,790174;0,01816904
2,788265;0,01024832
2,786356;0,00674118
2,784447;0,00483969
2,782538;0,00367437
2,780629;0,00290006
2,778720;0,00235538
2,776811;0,00195564
2,774902;0,00165251
2,772993;0,00141657
2,771084;0,00122897
2,769175;0,00107711
2,767266;0,00095234
2,765357;0,00084847
2,763448;0,00076102
2,761539;0,00068667
2,759630;0,00062289
2,757721;0,00056776
2,755812;0,00051976
2,753902;0,00047770
2,751993;0,00044064
2,750084;0,00040780
2,748175;0,00037857
2,746266;0,00035242
2,744357;0,00032895
2,742448;0,00030779
2,740539;0,00028865
2,738630;0,00027128
2,736721;0,00025547
2,734812;0,00024103
2,732903;0,00022781
2,730994;0,00021568
2,729085;0,00020452
2,727176;0,00019422
2,725267;0,00018471
2,723358;0,00017590
2,721449;0,00016773
2,719540;0,00016013
2,717631;0,00015305
2,715722;0,00014645
2,713813;0,00014029
2,711904;0,00013452
2,709995;0,00012912
2,708086;0,00012405
2,706177;0,00011929
2,704267;0,00011481
2,702358;0,00011059
2,700449;0,00010661
2,698540;0,00010286
2,696631;0,00009931
2,694722;0,00009595
2,692813;0,00009278
2,690904;0,00008977
2,688995;0,00008691
2,687086;0,00008420
2,685177;0,00008162
2,683268;0,00007917
2,681359;0,00007683
2,679450;0,00007461
2,677541;0,00007249
2,675632;0,00007047
2,673723;0,00006854
2,671814;0,00006670
2,669905;0,00006494
2,667996;0,00006325
2,666087;0,00006164
2,664178;0,00006010
2,662269;0,00005862
2,660360;0,00005720
2,658451;0,00005584
2,656542;0,00005453
2,654632;0,00005328
2,652723;0,00005207
2,650814;0,00005092
2,648905;0,00004980
2,646996;0,00004873
2,645087;0,00004770
2,643178;0,00004671
2,641269;0,00004575
2,639360;0,00004483
2,637451;0,00004394
2,635542;0,00004309
2,633633;0,00004226
2,631724;0,00004146
2,629815;0,00004069
2,627906;0,00003995
2,625997;0,00003923
2,624088;0,00003854
2,622179;0,00003787
2,620270;0,00003722
2,618361;0,00003659
2,616452;0,00003599
2,614543;0,00003540
2,612634;0,00003483
2,610725;0,00003428
2,608816;0,00003375
2,606907;0,00003323
2,604997;0,00003273
2,603088;0,00003224
2,601179;0,00003177
2,599270;0,00003132
2,597361;0,00003088
2,595452;0,00003045
2,593543;0,00003003
2,591634;0,00002963
2,589725;0,00002924
2,587816;0,00002886
2,585907;0,00002849
2,583998;0,00002813
2,582089;0,00002778
2,580180;0,00002744
2,578271;0,00002711
2,576362;0,00002679
2,574453;0,00002648
2,572544;0,00002618
2,570635;0,00002589
2,568726;0,00002561
2,566817;0,00002533
2,564908;0,00002506
2,562999;0,00002480
2,561090;0,00002455
2,559181;0,00002430
2,557272;0,00002406
2,555362;0,00002382
2,553453;0,00002360
2,551544;0,00002338
2,549635;0,00002316
2,547726;0,00002295
2,545817;0,00002275
2,543908;0,00002255
2,541999;0,00002236
2,540090;0,00002217
2,538181;0,00002199
2,536272;0,00002181
2,534363;0,00002164
2,532454;0,00002147
2,530545;0,00002131
2,528636;0,00002115
2,526727;0,00002100
2,524818;0,00002085
2,522909;0,00002070
2,521000;0,00002056
2,519091;0,00002042
2,517182;0,00002029
2,515273;0,00002016
2,513364;0,00002003
2,511455;0,00001991
2,509546;0,00001979
2,507637;0,00001968
2,505727;0,00001957
2,503818;0,00001946
2,501909;0,00001935
2,500000;0,00001925
2,498091;0,00001915
2,496182;0,00001905
2,494273;0,00001896
2,492364;0,00001887
2,490455;0,00001878
2,488546;0,00001870
2,486637;0,00001861
2,484728;0,00001853
2,482819;0,00001846
2,480910;0,00001838
2,479001;0,00001831
2,477092;0,00001824
2,475183;0,00001818
2,473274;0,00001811
2,471365;0,00001805
2,469456;0,00001799
2,467547;0,00001793
2,465638;0,00001788
2,463729;0,00001783
2,461820;0,00001778
2,459911;0,00001773
2,458002;0,00001768
2,456092;0,00001764
2,454183;0,00001760
2,452274;0,00001755
2,450365;0,00001752
2,448456;0,00001748
2,446547;0,00001745
2,444638;0,00001741
2,442729;0,00001738
2,440820;0,00001736
2,438911;0,00001733
2,437002;0,00001730
2,435093;0,00001728
2,433184;0,00001726
2,431275;0,00001724
2,429366;0,00001722
2,427457;0,00001721
2,425548;0,00001719
2,423639;0,00001718
2,421730;0,00001717
2,419821;0,00001716
2,417912;0,00001716
2,416003;0,00001715
2,414094;0,00001715
2,412185;0,00001714
2,410276;0,00001714
2,408367;0,00001714
2,406457;0,00001715
2,404548;0,00001715
2,402639;0,00001716
2,400730;0,00001716
2,398821;0,00001717
2,396912;0,00001718
2,395003;0,00001720
2,393094;0,00001721
2,391185;0,00001723
2,389276;0,00001724
2,387367;0,00001726
2,385458;0,00001728
2,383549;0,00001730
2,381640;0,00001733
2,379731;0,00001735
2,377822;0,00001738
2,375913;0,00001740
2,374004;0,00001743
2,372095;0,00001746
2,370186;0,00001750
2,368277;0,00001753
2,366368;0,00001757
2,364459;0,00001760
2,362550;0,00001764
2,360641;0,00001768
2,358732;0,00001772
2,356822;0,00001777
2,354913;0,00001781
2,353004;0,00001786
2,351095;0,00001791
2,349186;0,00001796
2,347277;0,00001801
2,345368;0,00001806
2,343459;0,00001812
2,341550;0,00001817
2,339641;0,00001823
2,337732;0,00001829
2,335823;0,00001835
2,333914;0,00001841
2,332005;0,00001848
2,330096;0,00001854
2,328187;0,00001861
2,326278;0,00001868
2,324369;0,00001875
2,322460;0,00001883
2,320551;0,00001890
2,318642;0,00001898
2,316733;0,00001906
2,314824;0,00001914
2,312915;0,00001922
2,311006;0,00001930
2,309097;0,00001939
2,307188;0,00001948
2,305278;0,00001957
2,303369;0,00001966
2,301460;0,00001975
2,299551;0,00001985
2,297642;0,00001994
2,295733;0,00002004
2,293824;0,00002015
2,291915;0,00002025
2,290006;0,00002036
2,288097;0,00002046
2,286188;0,00002057
2,284279;0,00002069
2,282370;0,00002080
2,280461;0,00002092
2,278552;0,00002104
2,276643;0,00002116
2,274734;0,00002128
2,272825;0,00002141
2,270916;0,00002154
2,269007;0,00002167
2,267098;0,00002180
2,265189;0,00002194
2,263280;0,00002208
2,261371;0,00002222
2,259462;0,00002236
2,257553;0,00002251
2,255643;0,00002266
2,253734;0,00002281
2,251825;0,00002297
2,249916;0,00002313
2,248007;0,00002329
2,246098;0,00002345
2,244189;0,00002362
2,242280;0,00002379
2,240371;0,00002397
2,238462;0,00002414
2,236553;0,00002432
2,234644;0,00002451
2,232735;0,00002470
2,230826;0,00002489
2,228917;0,00002508
2,227008;0,00002528
2,225099;0,00002548
2,223190;0,00002569
2,221281;0,00002590
2,219372;0,00002611
2,217463;0,00002633
2,215554;0,00002655
2,213645;0,00002678
2,211736;0,00002701
2,209827;0,00002724
2,207918;0,00002748
2,206008;0,00002773
2,204099;0,00002797
2,202190;0,00002823
2,200281;0,00002849
2,198372;0,00002875
2,196463;0,00002902
2,194554;0,00002929
2,192645;0,00002957
2,190736;0,00002986
2,188827;0,00003015
2,186918;0,00003044
2,185009;0,00003075
2,183100;0,00003105
2,181191;0,00003137
2,179282;0,00003169
2,177373;0,00003202
2,175464;0,00003235
2,173555;0,00003269
2,171646;0,00003304
2,169737;0,00003340
2,167828;0,00003376
2,165919;0,00003413
2,164010;0,00003451
2,162101;0,00003490
2,160192;0,00003529
2,158283;0,00003570
2,156373;0,00003611
2,154464;0,00003653
2,152555;0,00003696
2,150646;0,00003740
2,148737;0,00003785
2,146828;0,00003831
2,144919;0,00003878
2,143010;0,00003926
2,141101;0,00003975
2,139192;0,00004026
2,137283;0,00004077
2,135374;0,00004130
2,133465;0,00004184
2,131556;0,00004239
2,129647;0,00004295
2,127738;0,00004353
2,125829;0,00004412
2,123920;0,00004473
2,122011;0,00004535
2,120102;0,00004599
2,118193;0,00004664
2,116284;0,00004731
2,114375;0,00004800
2,112466;0,00004870
2,110557;0,00004942
2,108648;0,00005016
2,106738;0,00005092
2,104829;0,00005170
2,102920;0,00005251
2,101011;0,00005333
2,099102;0,00005417
2,097193;0,00005504
2,095284;0,00005593
2,093375;0,00005685
2,091466;0,00005779
2,089557;0,00005876
2,087648;0,00005976
2,085739;0,00006078
2,083830;0,00006184
2,081921;0,00006292
2,080012;0,00006404
2,078103;0,00006519
2,076194;0,00006638
2,074285;0,00006760
2,072376;0,00006887
2,070467;0,00007017
2,068558;0,00007151
2,066649;0,00007289
2,064740;0,00007432
2,062831;0,00007580
2,060922;0,00007733
2,059013;0,00007890
2,057103;0,00008053
2,055194;0,00008222
2,053285;0,00008396
2,051376;0,00008577
2,049467;0,00008764
2,047558;0,00008958
2,045649;0,00009158
2,043740;0,00009366
2,041831;0,00009582
2,039922;0,00009806
2,038013;0,00010039
2,036104;0,00010280
2,034195;0,00010531
2,032286;0,00010793
2,030377;0,00011064
2,028468;0,00011347
2,026559;0,00011641
2,024650;0,00011948
2,022741;0,00012268
2,020832;0,00012602
2,018923;0,00012951
2,017014;0,00013315
2,015105;0,00013695
2,013196;0,00014094
2,011287;0,00014510
2,009378;0,00014947
2,007468;0,00015405
2,005559;0,00015885
2,003650;0,00016390
2,001741;0,00016920
1,999832;0,00017477
1,997923;0,00018064
1,996014;0,00018683
1,994105;0,00019335
1,992196;0,00020024
1,990287;0,00020752
1,988378;0,00021522
1,986469;0,00022338
1,984560;0,00023203
1,982651;0,00024121
1,980742;0,00025097
1,978833;0,00026136
1,976924;0,00027244
1,975015;0,00028426
1,973106;0,00029689
1,971197;0,00031042
1,969288;0,00032492
1,967379;0,00034051
1,965470;0,00035727
1,963561;0,00037535
1,961652;0,00039488
1,959743;0,00041602
1,957833;0,00043895
1,955924;0,00046390
1,954015;0,00049110
1,952106;0,00052082
1,950197;0,00055341
1,948288;0,00058925
1,946379;0,00062877
1,944470;0,00067252
1,942561;0,00072113
1,940652;0,00077534
1,938743;0,00083607
1,936834;0,00090443
1,934925;0,00098176
1,933016;0,00106973
1,931107;0,00117041
1,929198;0,00128645
1,927289;0,00142117
1,925380;0,00157892
1,923471;0,00176539
1,921562;0,00198821
1,919653;0,00225777
1,917744;0,00258860
1,915835;0,00300157
1,913926;0,00352761
1,912017;0,00421442
1,910108;0,00513928
1,908198;0,00643530
1,906289;0,00835111
1,904380;0,01140510
1,902471;0,01686302
1,900562;0,02865675
1,898653;0,06476328
1,896744;0,22185060
1,894835;0,15753019
1,892926;0,25096039
1,891017;0,22085390
1,889108;0,25047900
1,887199;0,29014959
1,885290;0,19948745
1,883381;0,28837659
1,881472;0,14998312
1,879563;0,24603414
1,877654;0,07579034
1,875745;0,03150118
1,873836;0,01801023
1,871927;0,01199772
1,870018;0,00870476
1,868109;0,00666685
1,866200;0,00530097
1,864291;0,00433283
1,862382;0,00361759
1,860473;0,00307202
1,858563;0,00264514
1,856654;0,00230412
1,854745;0,00202692
1,852836;0,00179827
1,850927;0,00160726
1,849018;0,00144594
1,847109;0,00130837
1,845200;0,00119006
1,843291;0,00108751
1,841382;0,00099803
1,839473;0,00091947
1,837564;0,00085009
1,835655;0,00078852
1,833746;0,00073361
1,831837;0,00068443
1,829928;0,00064021
1,828019;0,00060030
1,826110;0,00056415
1,824201;0,00053131
1,822292;0,00050138
1,820383;0,00047403
1,818474;0,00044897
1,816565;0,00042596
1,814656;0,00040476
1,812747;0,00038521
1,810838;0,00036713
1,808928;0,00035039
1,807019;0,00033484
1,805110;0,00032039
1,803201;0,00030694
1,801292;0,00029439
1,799383;0,00028266
1,797474;0,00027169
1,795565;0,00026142
1,793656;0,00025178
1,791747;0,00024274
1,789838;0,00023423
1,787929;0,00022622
1,786020;0,00021868
1,784111;0,00021156
1,782202;0,00020485
1,780293;0,00019850
1,778384;0,00019249
1,776475;0,00018681
1,774566;0,00018143
1,772657;0,00017633
1,770748;0,00017149
1,768839;0,00016689
1,766930;0,00016252
1,765021;0,00015837
1,763112;0,00015443
1,761203;0,00015067
1,759293;0,00014709
1,757384;0,00014369
1,755475;0,00014044
1,753566;0,00013735
1,751657;0,00013439
1,749748;0,00013158
1,747839;0,00012889
1,745930;0,00012632
1,744021;0,00012387
1,742112;0,00012153
1,740203;0,00011929
1,738294;0,00011715
1,736385;0,00011511
1,734476;0,00011316
1,732567;0,00011129
1,730658;0,00010951
1,728749;0,00010780
1,726840;0,00010617
1,724931;0,00010461
1,723022;0,00010312
1,721113;0,00010170
1,719204;0,00010034
1,717295;0,00009904
1,715386;0,00009780
1,713477;0,00009662
1,711568;0,00009549
1,709658;0,00009442
1,707749;0,00009339
1,705840;0,00009241
1,703931;0,00009149
1,702022;0,00009060
1,700113;0,00008976
1,698204;0,00008897
1,696295;0,00008821
1,694386;0,00008750
1,692477;0,00008682
1,690568;0,00008619
1,688659;0,00008559
1,686750;0,00008503
1,684841;0,00008450
1,682932;0,00008401
1,681023;0,00008355
1,679114;0,00008313
1,677205;0,00008273
1,675296;0,00008237
1,673387;0,00008204
1,671478;0,00008175
1,669569;0,00008148
1,667660;0,00008124
1,665751;0,00008103
1,663842;0,00008085
1,661933;0,00008070
1,660023;0,00008058
1,658114;0,00008049
1,656205;0,00008042
1,654296;0,00008038
1,652387;0,00008037
1,650478;0,00008039
1,648569;0,00008044
1,646660;0,00008051
1,644751;0,00008061
1,642842;0,00008073
1,640933;0,00008089
1,639024;0,00008107
1,637115;0,00008128
1,635206;0,00008152
1,633297;0,00008178
1,631388;0,00008208
1,629479;0,00008240
1,627570;0,00008275
1,625661;0,00008313
1,623752;0,00008354
1,621843;0,00008398
1,619934;0,00008444
1,618025;0,00008494
1,616116;0,00008547
1,614207;0,00008603
1,612298;0,00008662
1,610388;0,00008725
1,608479;0,00008791
1,606570;0,00008860
1,604661;0,00008933
1,602752;0,00009009
1,600843;0,00009089
1,598934;0,00009172
1,597025;0,00009260
1,595116;0,00009351
1,593207;0,00009446
1,591298;0,00009545
1,589389;0,00009649
1,587480;0,00009757
1,585571;0,00009869
1,583662;0,00009986
1,581753;0,00010108
1,579844;0,00010234
1,577935;0,00010366
1,576026;0,00010503
1,574117;0,00010645
1,572208;0,00010793
1,570299;0,00010947
1,568390;0,00011107
1,566481;0,00011273
1,564572;0,00011445
1,562663;0,00011625
1,560753;0,00011811
1,558844;0,00012005
1,556935;0,00012206
1,555026;0,00012415
1,553117;0,00012632
1,551208;0,00012858
1,549299;0,00013093
1,547390;0,00013337
1,545481;0,00013591
1,543572;0,00013855
1,541663;0,00014130
1,539754;0,00014417
1,537845;0,00014715
1,535936;0,00015025
1,534027;0,00015348
1,532118;0,00015685
1,530209;0,00016036
1,528300;0,00016402
1,526391;0,00016784
1,524482;0,00017183
1,522573;0,00017599
1,520664;0,00018034
1,518755;0,00018488
1,516846;0,00018963
1,514937;0,00019460
1,513028;0,00019980
1,511118;0,00020525
1,509209;0,00021096
1,507300;0,00021695
1,505391;0,00022323
1,503482;0,00022983
1,501573;0,00023676
1,499664;0,00024405
1,497755;0,00025172
1,495846;0,00025979
1,493937;0,00026830
1,492028;0,00027728
1,490119;0,00028676
1,488210;0,00029677
1,486301;0,00030736
1,484392;0,00031858
1,482483;0,00033047
1,480574;0,00034308
1,478665;0,00035648
1,476756;0,00037073
1,474847;0,00038591
1,472938;0,00040209
1,471029;0,00041937
1,469120;0,00043784
1,467211;0,00045762
1,465302;0,00047884
1,463393;0,00050163
1,461484;0,00052615
1,459574;0,00055259
1,457665;0,00058116
1,455756;0,00061207
1,453847;0,00064560
1,451938;0,00068206
1,450029;0,00072179
1,448120;0,00076520
1,446211;0,00081276
1,444302;0,00086502
1,442393;0,00092261
1,440484;0,00098631
1,438575;0,00105700
1,436666;0,00113575
1,434757;0,00122386
1,432848;0,00132287
1,430939;0,00143468
1,429030;0,00156163
1,427121;0,00170661
1,425212;0,00187325
1,423303;0,00206616
1,421394;0,00229128
1,419485;0,00255632
1,417576;0,00287155
1,415667;0,00325080
1,413758;0,00371320
1,411849;0,00428575
1,409939;0,00500782
1,408030;0,00593880
1,406121;0,00717217
1,404212;0,00886310
1,402303;0,01128725
1,400394;0,01498001
1,398485;0,02111623
1,396576;0,03276887
1,394667;0,06044633
1,392758;0,15873254
1,390849;0,52178550
1,388940;0,21681317
1,387031;0,17841528
1,385122;0,46258018
1,383213;0,88421417
1,381304;0,25195429
1,379395;0,16687847
1,377486;0,38263210
1,375577;0,30907940
1,373668;0,09113774
1,371759;0,04293755
1,369850;0,02578118
1,367941;0,01755649
1,366032;0,01288376
1,364123;0,00993159
1,362214;0,00792757
1,360304;0,00649515
1,358395;0,00543074
1,356486;0,00461543
1,354577;0,00397553
1,352668;0,00346313
1,350759;0,00304588
1,348850;0,00270121
1,346941;0,00241295
1,345032;0,00216928
1,343123;0,00196132
1,341214;0,00178235
1,339305;0,00162715
1,337396;0,00149166
1,335487;0,00137263
1,333578;0,00126748
1,331669;0,00117412
1,329760;0,00109084
1,327851;0,00101621
1,325942;0,00094908
1,324033;0,00088847
1,322124;0,00083355
1,320215;0,00078363
1,318306;0,00073812
1,316397;0,00069651
1,314488;0,00065836
1,312579;0,00062329
1,310669;0,00059099
1,308760;0,00056117
1,306851;0,00053357
1,304942;0,00050799
1,303033;0,00048423
1,301124;0,00046212
1,299215;0,00044150
1,297306;0,00042226
1,295397;0,00040426
1,293488;0,00038741
1,291579;0,00037160
1,289670;0,00035675
1,287761;0,00034279
1,285852;0,00032965
1,283943;0,00031725
1,282034;0,00030556
1,280125;0,00029451
1,278216;0,00028405
1,276307;0,00027416
1,274398;0,00026478
1,272489;0,00025588
1,270580;0,00024743
1,268671;0,00023940
1,266762;0,00023176
1,264853;0,00022448
1,262944;0,00021755
1,261034;0,00021094
1,259125;0,00020464
1,257216;0,00019862
1,255307;0,00019286
1,253398;0,00018736
1,251489;0,00018209
1,249580;0,00017705
1,247671;0,00017221
1,245762;0,00016758
1,243853;0,00016314
1,241944;0,00015887
1,240035;0,00015477
1,238126;0,00015083
1,236217;0,00014705
1,234308;0,00014341
1,232399;0,00013990
1,230490;0,00013653
1,228581;0,00013327
1,226672;0,00013014
1,224763;0,00012712
1,222854;0,00012420
1,220945;0,00012139
1,219036;0,00011867
1,217127;0,00011605
1,215218;0,00011351
1,213309;0,00011106
1,211399;0,00010869
1,209490;0,00010639
1,207581;0,00010417
1,205672;0,00010202
1,203763;0,00009994
1,201854;0,00009792
1,199945;0,00009597
1,198036;0,00009407
1,196127;0,00009223
1,194218;0,00009045
1,192309;0,00008872
1,190400;0,00008704
1,188491;0,00008541
1,186582;0,00008382
1,184673;0,00008228
1,182764;0,00008079
1,180855;0,00007933
1,178946;0,00007792
1,177037;0,00007654
1,175128;0,00007520
1,173219;0,00007390
1,171310;0,00007263
1,169401;0,00007140
1,167492;0,00007020
1,165583;0,00006903
1,163674;0,00006788
1,161764;0,00006677
1,159855;0,00006569
1,157946;0,00006463
1,156037;0,00006360
1,154128;0,00006259
1,152219;0,00006161
1,150310;0,00006065
1,148401;0,00005972
1,146492;0,00005881
1,144583;0,00005792
1,142674;0,00005705
1,140765;0,00005619
1,138856;0,00005536
1,136947;0,00005455
1,135038;0,00005376
1,133129;0,00005298
1,131220;0,00005223
1,129311;0,00005148
1,127402;0,00005076
1,125493;0,00005005
1,123584;0,00004935
1,121675;0,00004868
1,119766;0,00004801
1,117857;0,00004736
1,115948;0,00004672
1,114039;0,00004610
1,112129;0,00004549
1,110220;0,00004489
1,108311;0,00004430
1,106402;0,00004373
1,104493;0,00004317
1,102584;0,00004261
1,100675;0,00004207
1,098766;0,00004154
1,096857;0,00004102
1,094948;0,00004051
1,093039;0,00004001
1,091130;0,00003952
1,089221;0,00003904
1,087312;0,00003857
1,085403;0,00003811
1,083494;0,00003765
1,081585;0,00003721
1,079676;0,00003677
1,077767;0,00003634
1,075858;0,00003592
1,073949;0,00003550
1,072040;0,00003509
1,070131;0,00003469
1,068222;0,00003430
1,066313;0,00003392
1,064404;0,00003354
1,062494;0,00003316
1,060585;0,00003280
1,058676;0,00003244
1,056767;0,00003208
1,054858;0,00003174
1,052949;0,00003139
1,051040;0,00003106
1,049131;0,00003073
1,047222;0,00003040
1,045313;0,00003008
1,043404;0,00002977
1,041495;0,00002946
1,039586;0,00002915
1,037677;0,00002885
1,035768;0,00002856
1,033859;0,00002827
1,031950;0,00002798
1,030041;0,00002770
1,028132;0,00002743
1,026223;0,00002715
1,024314;0,00002689
1,022405;0,00002662
1,020496;0,00002636
1,018587;0,00002611
1,016678;0,00002585
1,014769;0,00002561
1,012859;0,00002536
1,010950;0,00002512
1,009041;0,00002488
1,007132;0,00002465
1,005223;0,00002442
1,003314;0,00002419
1,001405;0,00002397
0,999496;0,00002375
0,997587;0,00002353
0,995678;0,00002332
0,993769;0,00002310
0,991860;0,00002290
0,989951;0,00002269
0,988042;0,00002249
0,986133;0,00002229
0,984224;0,00002209
0,982315;0,00002190
0,980406;0,00002171
0,978497;0,00002152
0,976588;0,00002133
0,974679;0,00002115
0,972770;0,00002097
0,970861;0,00002079
0,968952;0,00002061
0,967043;0,00002044
0,965134;0,00002026
0,963224;0,00002009
0,961315;0,00001993
0,959406;0,00001976
0,957497;0,00001960
0,955588;0,00001944
0,953679;0,00001928
0,951770;0,00001912
0,949861;0,00001897
0,947952;0,00001881
0,946043;0,00001866
0,944134;0,00001851
0,942225;0,00001837
0,940316;0,00001822
0,938407;0,00001808
0,936498;0,00001794
0,934589;0,00001780
0,932680;0,00001766
0,930771;0,00001752
0,928862;0,00001738
0,926953;0,00001725
0,925044;0,00001712
0,923135;0,00001699
0,921226;0,00001686
0,919317;0,00001673
0,917408;0,00001661
0,915499;0,00001648
0,913589;0,00001636
0,911680;0,00001624
0,909771;0,00001612
0,907862;0,00001600
0,905953;0,00001588
0,904044;0,00001577
0,902135;0,00001565
0,900226;0,00001554
0,898317;0,00001543
0,896408;0,00001532
0,894499;0,00001521
0,892590;0,00001510
0,890681;0,00001499
0,888772;0,00001489
0,886863;0,00001478
0,884954;0,00001468
0,883045;0,00001458
0,881136;0,00001447
0,879227;0,00001437
0,877318;0,00001428
0,875409;0,00001418
0,873500;0,00001408
0,871591;0,00001398
0,869682;0,00001389
0,867773;0,00001380
0,865864;0,00001370
0,863954;0,00001361
0,862045;0,00001352
0,860136;0,00001343
0,858227;0,00001334
0,856318;0,00001325
0,854409;0,00001316
0,852500;0,00001308
0,850591;0,00001299
0,848682;0,00001291
0,846773;0,00001282
0,844864;0,00001274
0,842955;0,00001266
0,841046;0,00001258
0,839137;0,00001250
0,837228;0,00001242
0,835319;0,00001234
0,833410;0,00001226
0,831501;0,00001218
0,829592;0,00001211
0,827683;0,00001203
0,825774;0,00001196
0,823865;0,00001188
0,821956;0,00001181
0,820047;0,00001174
0,818138;0,00001166
0,816229;0,00001159
0,814319;0,00001152
0,812410;0,00001145
0,810501;0,00001138
0,808592;0,00001131
0,806683;0,00001125
0,804774;0,00001118
0,802865;0,00001111
0,800956;0,00001104
0,799047;0,00001098
0,797138;0,00001091
0,795229;0,00001085
0,793320;0,00001079
0,791411;0,00001072
0,789502;0,00001066
0,787593;0,00001060
0,785684;0,00001054
0,783775;0,00001048
0,781866;0,00001042
0,779957;0,00001036
0,778048;0,00001030
0,776139;0,00001024
0,774230;0,00001018
0,772321;0,00001012
0,770412;0,00001006
0,768503;0,00001001
0,766594;0,00000995
0,764684;0,00000990
0,762775;0,00000984
0,760866;0,00000979
0,758957;0,00000973
0,757048;0,00000968
0,755139;0,00000962
0,753230;0,00000957
0,751321;0,00000952
0,749412;0,00000947
0,747503;0,00000942
0,745594;0,00000936
0,743685;0,00000931
0,741776;0,00000926
0,739867;0,00000921
0,737958;0,00000916
0,736049;0,00000911
0,734140;0,00000907
0,732231;0,00000902
0,730322;0,00000897
0,728413;0,00000892
0,726504;0,00000888
0,724595;0,00000883
0,722686;0,00000878
0,720777;0,00000874
0,718868;0,00000869
0,716959;0,00000865
0,715049;0,00000860
0,713140;0,00000856
0,711231;0,00000851
0,709322;0,00000847
0,707413;0,00000843
0,705504;0,00000838
0,703595;0,00000834
0,701686;0,00000830
0,699777;0,00000826
0,697868;0,00000822
0,695959;0,00000817
0,694050;0,00000813
0,692141;0,00000809
0,690232;0,00000805
0,688323;0,00000801
0,686414;0,00000797
0,684505;0,00000793
0,682596;0,00000789
0,680687;0,00000785
0,678778;0,00000782
0,676869;0,00000778
0,674960;0,00000774
0,673051;0,00000770
0,671142;0,00000767
0,669233;0,00000763
0,667324;0,00000759
0,665414;0,00000755
0,663505;0,00000752
0,661596;0,00000748
0,659687;0,00000745
0,657778;0,00000741
0,655869;0,00000738
0,653960;0,00000734
0,652051;0,00000731
0,650142;0,00000727
0,648233;0,00000724
0,646324;0,00000720
0,644415;0,00000717
0,642506;0,00000714
0,640597;0,00000710
0,638688;0,00000707
0,636779;0,00000704
0,634870;0,00000701
0,632961;0,00000697
0,631052;0,00000694
0,629143;0,00000691
0,627234;0,00000688
0,625325;0,00000685
0,623416;0,00000682
0,621507;0,00000679
0,619598;0,00000676
0,617689;0,00000672
0,615780;0,00000669
0,613870;0,00000666
0,611961;0,00000663
0,610052;0,00000661
0,608143;0,00000658
0,606234;0,00000655
0,604325;0,00000652
0,602416;0,00000649
0,600507;0,00000646
0,598598;0,00000643
0,596689;0,00000640
0,594780;0,00000638
0,592871;0,00000635
0,590962;0,00000632
0,589053;0,00000629
0,587144;0,00000627
0,585235;0,00000624
0,583326;0,00000621
0,581417;0,00000619
0,579508;0,00000616
0,577599;0,00000613
0,575690;0,00000611
0,573781;0,00000608
0,571872;0,00000605
0,569963;0,00000603
0,568054;0,00000600
0,566145;0,00000598
0,564235;0,00000595
0,562326;0,00000593
0,560417;0,00000590
0,558508;0,00000588
0,556599;0,00000585
0,554690;0,00000583
0,552781;0,00000581
0,550872;0,00000578
0,548963;0,00000576
0,547054;0,00000573
0,545145;0,00000571
0,543236;0,00000569
0,541327;0,00000566
0,539418;0,00000564
0,537509;0,00000562
0,535600;0,00000559
0,533691;0,00000557
0,531782;0,00000555
0,529873;0,00000553
0,527964;0,00000550
0,526055;0,00000548
0,524146;0,00000546
0,522237;0,00000544
0,520328;0,00000542
0,518419;0,00000540
0,516510;0,00000537
0,514600;0,00000535
0,512691;0,00000533
0,510782;0,00000531
0,508873;0,00000529
0,506964;0,00000527
0,505055;0,00000525
0,503146;0,00000523
0,501237;0,00000521
0,499328;0,00000519
0,497419;0,00000517
0,495510;0,00000515
0,493601;0,00000513
0,491692;0,00000511
0,489783;0,00000509
0,487874;0,00000507
0,485965;0,00000505
0,484056;0,00000503
0,482147;0,00000501
0,480238;0,00000499
0,478329;0,00000497
0,476420;0,00000495
0,474511;0,00000493
0,472602;0,00000492
0,470693;0,00000490
0,468784;0,00000488
0,466875;0,00000486
0,464965;0,00000484
0,463056;0,00000482
0,461147;0,00000481
0,459238;0,00000479
0,457329;0,00000477
0,455420;0,00000475
0,453511;0,00000474
0,451602;0,00000472
0,449693;0,00000470
0,447784;0,00000468
0,445875;0,00000467
0,443966;0,00000465
0,442057;0,00000463
0,440148;0,00000461
0,438239;0,00000460
0,436330;0,00000458
0,434421;0,00000456
0,432512;0,00000455
0,430603;0,00000453
0,428694;0,00000452
0,426785;0,00000450
0,424876;0,00000448
0,422967;0,00000447
0,421058;0,00000445
0,419149;0,00000443
0,417240;0,00000442
0,415330;0,00000440
0,413421;0,00000439
0,411512;0,00000437
0,409603;0,00000436
0,407694;0,00000434
0,405785;0,00000433
0,403876;0,00000431
0,401967;0,00000430
0,400058;0,00000428
0,398149;0,00000427
0,396240;0,00000425
0,394331;0,00000424
0,392422;0,00000422
0,390513;0,00000421
0,388604;0,00000419
0,386695;0,00000418
0,384786;0,00000416
0,382877;0,00000415
0,380968;0,00000413
0,379059;0,00000412
0,377150;0,00000411
0,375241;0,00000409
0,373332;0,00000408
0,371423;0,00000406
0,369514;0,00000405
0,367605;0,00000404
0,365695;0,00000402
0,363786;0,00000401
0,361877;0,00000400
0,359968;0,00000398
0,358059;0,00000397
0,356150;0,00000396
0,354241;0,00000394
0,352332;0,00000393
0,350423;0,00000392
0,348514;0,00000390
0,346605;0,00000389
0,344696;0,00000388
0,342787;0,00000387
0,340878;0,00000385
0,338969;0,00000384
0,337060;0,00000383
0,335151;0,00000381
0,333242;0,00000380
0,331333;0,00000379
0,329424;0,00000378
0,327515;0,00000377
0,325606;0,00000375
0,323697;0,00000374
0,321788;0,00000373
0,319879;0,00000372
0,317970;0,00000370
0,316060;0,00000369
0,314151;0,00000368
0,312242;0,00000367
0,310333;0,00000366
0,308424;0,00000365
0,306515;0,00000363
0,304606;0,00000362
0,302697;0,00000361
0,300788;0,00000360
0,298879;0,00000359
0,296970;0,00000358
0,295061;0,00000356
0,293152;0,00000355
0,291243;0,00000354
0,289334;0,00000353
0,287425;0,00000352
0,285516;0,00000351
0,283607;0,00000350
0,281698;0,00000349
0,279789;0,00000348
0,277880;0,00000347
0,275971;0,00000345
0,274062;0,00000344
0,272153;0,00000343
0,270244;0,00000342
0,268335;0,00000341
0,266425;0,00000340
0,264516;0,00000339
0,262607;0,00000338
0,260698;0,00000337
0,258789;0,00000336
0,256880;0,00000335
0,254971;0,00000334
0,253062;0,00000333
0,251153;0,00000332
0,249244;0,00000331
0,247335;0,00000330
0,245426;0,00000329
0,243517;0,00000328
0,241608;0,00000327
0,239699;0,00000326
0,237790;0,00000325
0,235881;0,00000324
0,233972;0,00000323
0,232063;0,00000322
0,230154;0,00000321
0,228245;0,00000320
0,226336;0,00000319
0,224427;0,00000318
0,222518;0,00000317
0,220609;0,00000316
0,218700;0,00000315
0,216790;0,00000314
0,214881;0,00000314
0,212972;0,00000313
0,211063;0,00000312
0,209154;0,00000311
0,207245;0,00000310
0,205336;0,00000309
0,203427;0,00000308
0,201518;0,00000307
0,199609;0,00000306
0,197700;0,00000305
0,195791;0,00000305
0,193882;0,00000304
0,191973;0,00000303
0,190064;0,00000302
0,188155;0,00000301
0,186246;0,00000300
0,184337;0,00000299
