##TITLE= Bruker TopSpin ASCII Export
##JCAMPDX=5.00
# X_PPM Y_INTENSITY
8.390462 0.00000194
8.387653 0.00000195
8.384845 0.00000196
8.382036 0.00000197
8.379228 0.00000198
8.376420 0.00000199
8.373611 0.00000199
8.370803 0.00000200
8.367994 0.00000201
8.365186 0.00000202
8.362378 0.00000203
8.359569 0.00000204
8.356761 0.00000205
8.353952 0.00000206
8.351144 0.00000207
8.348335 0.00000208
8.345527 0.00000209
8.342719 0.00000210
8.339910 0.00000211
8.337102 0.00000212
8.334293 0.00000213
8.331485 0.00000214
8.328677 0.00000215
8.325868 0.00000216
8.323060 0.00000217
8.320251 0.00000218
8.317443 0.00000219
8.314634 0.00000220
8.311826 0.00000221
8.309018 0.00000222
8.306209 0.00000223
8.303401 0.00000224
8.300592 0.00000225
8.297784 0.00000227
8.294976 0.00000228
8.292167 0.00000229
8.289359 0.00000230
8.286550 0.00000231
8.283742 0.00000232
8.280933 0.00000233
8.278125 0.00000235
8.275317 0.00000236
8.272508 0.00000237
8.269700 0.00000238
8.266891 0.00000239
8.264083 0.00000240
8.261275 0.00000242
8.258466 0.00000243
8.255658 0.00000244
8.252849 0.00000245
8.250041 0.00000247
8.247232 0.00000248
8.244424 0.00000249
8.241616 0.00000251
8.238807 0.00000252
8.235999 0.00000253
8.233190 0.00000254
8.230382 0.00000256
8.227574 0.00000257
8.224765 0.00000258
8.221957 0.00000260
8.219148 0.00000261
8.216340 0.00000263
8.213531 0.00000264
8.210723 0.00000265
8.207915 0.00000267
8.205106 0.00000268
8.202298 0.00000270
8.199489 0.00000271
8.196681 0.00000273
8.193873 0.00000274
8.191064 0.00000276
8.188256 0.00000277
8.185447 0.00000279
8.182639 0.00000280
8.179830 0.00000282
8.177022 0.00000283
8.174214 0.00000285
8.171405 0.00000286
8.168597 0.00000288
8.165788 0.00000290
8.162980 0.00000291
8.160172 0.00000293
8.157363 0.00000295
8.154555 0.00000296
8.151746 0.00000298
8.148938 0.00000300
8.146129 0.00000301
8.143321 0.00000303
8.140513 0.00000305
8.137704 0.00000307
8.134896 0.00000308
8.132087 0.00000310
8.129279 0.00000312
8.126471 0.00000314
8.123662 0.00000316
8.120854 0.00000317
8.118045 0.00000319
8.115237 0.00000321
8.112428 0.00000323
8.109620 0.00000325
8.106812 0.00000327
8.104003 0.00000329
8.101195 0.00000331
8.098386 0.00000333
8.095578 0.00000335
8.092770 0.00000337
8.089961 0.00000339
8.087153 0.00000341
8.084344 0.00000343
8.081536 0.00000345
8.078727 0.00000347
8.075919 0.00000350
8.073111 0.00000352
8.070302 0.00000354
8.067494 0.00000356
8.064685 0.00000358
8.061877 0.00000361
8.059069 0.00000363
8.056260 0.00000365
8.053452 0.00000368
8.050643 0.00000370
8.047835 0.00000372
8.045026 0.00000375
8.042218 0.00000377
8.039410 0.00000379
8.036601 0.00000382
8.033793 0.00000384
8.030984 0.00000387
8.028176 0.00000389
8.025368 0.00000392
8.022559 0.00000395
8.019751 0.00000397
8.016942 0.00000400
8.014134 0.00000403
8.011325 0.00000405
8.008517 0.00000408
8.005709 0.00000411
8.002900 0.00000414
8.000092 0.00000416
7.997283 0.00000419
7.994475 0.00000422
7.991667 0.00000425
7.988858 0.00000428
7.986050 0.00000431
7.983241 0.00000434
7.980433 0.00000437
7.977624 0.00000440
7.974816 0.00000443
7.972008 0.00000446
7.969199 0.00000449
7.966391 0.00000452
7.963582 0.00000456
7.960774 0.00000459
7.957966 0.00000462
7.955157 0.00000466
7.952349 0.00000469
7.949540 0.00000472
7.946732 0.00000476
7.943923 0.00000479
7.941115 0.00000483
7.938307 0.00000486
7.935498 0.00000490
7.932690 0.00000494
7.929881 0.00000497
7.927073 0.00000501
7.924265 0.00000505
7.921456 0.00000509
7.918648 0.00000512
7.915839 0.00000516
7.913031 0.00000520
7.910222 0.00000524
7.907414 0.00000528
7.904606 0.00000532
7.901797 0.00000537
7.898989 0.00000541
7.896180 0.00000545
7.893372 0.00000549
7.890564 0.00000554
7.887755 0.00000558
7.884947 0.00000562
7.882138 0.00000567
7.879330 0.00000572
7.876521 0.00000576
7.873713 0.00000581
7.870905 0.00000586
7.868096 0.00000590
7.865288 0.00000595
7.862479 0.00000600
7.859671 0.00000605
7.856863 0.00000610
7.854054 0.00000615
7.851246 0.00000620
7.848437 0.00000626
7.845629 0.00000631
7.842820 0.00000636
7.840012 0.00000642
7.837204 0.00000647
7.834395 0.00000653
7.831587 0.00000658
7.828778 0.00000664
7.825970 0.00000670
7.823162 0.00000676
7.820353 0.00000682
7.817545 0.00000688
7.814736 0.00000694
7.811928 0.00000700
7.809119 0.00000706
7.806311 0.00000713
7.803503 0.00000719
7.800694 0.00000726
7.797886 0.00000732
7.795077 0.00000739
7.792269 0.00000746
7.789461 0.00000753
7.786652 0.00000760
7.783844 0.00000767
7.781035 0.00000774
7.778227 0.00000781
7.775418 0.00000789
7.772610 0.00000796
7.769802 0.00000804
7.766993 0.00000812
7.764185 0.00000820
7.761376 0.00000828
7.758568 0.00000836
7.755760 0.00000844
7.752951 0.00000852
7.750143 0.00000861
7.747334 0.00000869
7.744526 0.00000878
7.741718 0.00000887
7.738909 0.00000896
7.736101 0.00000905
7.733292 0.00000915
7.730484 0.00000924
7.727675 0.00000934
7.724867 0.00000943
7.722059 0.00000953
7.719250 0.00000963
7.716442 0.00000973
7.713633 0.00000984
7.710825 0.00000994
7.708017 0.00001005
7.705208 0.00001016
7.702400 0.00001027
7.699591 0.00001038
7.696783 0.00001050
7.693974 0.00001061
7.691166 0.00001073
7.688358 0.00001085
7.685549 0.00001097
7.682741 0.00001110
7.679932 0.00001123
7.677124 0.00001135
7.674316 0.00001149
7.671507 0.00001162
7.668699 0.00001175
7.665890 0.00001189
7.663082 0.00001203
7.660273 0.00001218
7.657465 0.00001232
7.654657 0.00001247
7.651848 0.00001262
7.649040 0.00001278
7.646231 0.00001293
7.643423 0.00001309
7.640615 0.00001326
7.637806 0.00001342
7.634998 0.00001359
7.632189 0.00001376
7.629381 0.00001394
7.626572 0.00001412
7.623764 0.00001430
7.620956 0.00001449
7.618147 0.00001468
7.615339 0.00001487
7.612530 0.00001507
7.609722 0.00001527
7.606914 0.00001547
7.604105 0.00001568
7.601297 0.00001590
7.598488 0.00001611
7.595680 0.00001634
7.592871 0.00001657
7.590063 0.00001680
7.587255 0.00001704
7.584446 0.00001728
7.581638 0.00001753
7.578829 0.00001778
7.576021 0.00001804
7.573213 0.00001830
7.570404 0.00001857
7.567596 0.00001885
7.564787 0.00001913
7.561979 0.00001942
7.559170 0.00001972
7.556362 0.00002002
7.553554 0.00002033
7.550745 0.00002065
7.547937 0.00002097
7.545128 0.00002131
7.542320 0.00002165
7.539512 0.00002200
7.536703 0.00002235
7.533895 0.00002272
7.531086 0.00002310
7.528278 0.00002348
7.525469 0.00002387
7.522661 0.00002428
7.519853 0.00002469
7.517044 0.00002512
7.514236 0.00002556
7.511427 0.00002601
7.508619 0.00002647
7.505811 0.00002694
7.503002 0.00002743
7.500194 0.00002793
7.497385 0.00002844
7.494577 0.00002897
7.491768 0.00002951
7.488960 0.00003007
7.486152 0.00003064
7.483343 0.00003123
7.480535 0.00003184
7.477726 0.00003247
7.474918 0.00003311
7.472110 0.00003378
7.469301 0.00003446
7.466493 0.00003517
7.463684 0.00003590
7.460876 0.00003665
7.458067 0.00003743
7.455259 0.00003823
7.452451 0.00003905
7.449642 0.00003991
7.446834 0.00004079
7.444025 0.00004170
7.441217 0.00004264
7.438409 0.00004362
7.435600 0.00004463
7.432792 0.00004568
7.429983 0.00004676
7.427175 0.00004788
7.424366 0.00004904
7.421558 0.00005025
7.418750 0.00005150
7.415941 0.00005280
7.413133 0.00005415
7.410324 0.00005555
7.407516 0.00005701
7.404708 0.00005853
7.401899 0.00006011
7.399091 0.00006175
7.396282 0.00006347
7.393474 0.00006525
7.390665 0.00006711
7.387857 0.00006906
7.385049 0.00007109
7.382240 0.00007321
7.379432 0.00007543
7.376623 0.00007775
7.373815 0.00008018
7.371007 0.00008273
7.368198 0.00008541
7.365390 0.00008821
7.362581 0.00009116
7.359773 0.00009426
7.356964 0.00009753
7.354156 0.00010096
7.351348 0.00010459
7.348539 0.00010841
7.345731 0.00011245
7.342922 0.00011672
7.340114 0.00012125
7.337306 0.00012604
7.334497 0.00013113
7.331689 0.00013654
7.328880 0.00014229
7.326072 0.00014842
7.323263 0.00015497
7.320455 0.00016195
7.317647 0.00016943
7.314838 0.00017745
7.312030 0.00018606
7.309221 0.00019533
7.306413 0.00020532
7.303605 0.00021610
7.300796 0.00022778
7.297988 0.00024045
7.295179 0.00025423
7.292371 0.00026926
7.289562 0.00028570
7.286754 0.00030372
7.283946 0.00032356
7.281137 0.00034547
7.278329 0.00036974
7.275520 0.00039676
7.272712 0.00042696
7.269904 0.00046088
7.267095 0.00049918
7.264287 0.00054269
7.261478 0.00059242
7.258670 0.00064969
7.255861 0.00071619
7.253053 0.00079413
7.250245 0.00088645
7.247436 0.00099717
7.244628 0.00113191
7.241819 0.00129874
7.239011 0.00150973
7.236203 0.00178362
7.233394 0.00215120
7.230586 0.00266663
7.227777 0.00343437
7.224969 0.00468336
7.222160 0.00702205
7.219352 0.01268475
7.216544 0.03714790
7.213735 0.11820913
7.210927 0.12735654
7.208118 0.19704004
7.205310 0.05705496
7.202502 0.15619838
7.199693 0.04327058
7.196885 0.03118966
7.194076 0.05784661
7.191268 0.28613760
7.188459 0.44716354
7.185651 0.08937999
7.182843 0.03981676
7.180034 0.06622719
7.177226 0.09777689
7.174417 0.03626146
7.171609 0.08319277
7.168801 0.21164195
7.165992 0.15424940
7.163184 0.03051307
7.160375 0.01252145
7.157567 0.00721696
7.154758 0.00485571
7.151950 0.00356284
7.149142 0.00276170
7.146333 0.00222290
7.143525 0.00183897
7.140716 0.00155338
7.137908 0.00133383
7.135100 0.00116058
7.132291 0.00102093
7.129483 0.00090640
7.126674 0.00081106
7.123866 0.00073070
7.121057 0.00066222
7.118249 0.00060333
7.115441 0.00055225
7.112632 0.00050762
7.109824 0.00046836
7.107015 0.00043363
7.104207 0.00040273
7.101399 0.00037511
7.098590 0.00035031
7.095782 0.00032795
7.092973 0.00030772
7.090165 0.00028934
7.087356 0.00027259
7.084548 0.00025729
7.081740 0.00024326
7.078931 0.00023037
7.076123 0.00021850
7.073314 0.00020754
7.070506 0.00019739
7.067698 0.00018798
7.064889 0.00017924
7.062081 0.00017110
7.059272 0.00016351
7.056464 0.00015642
7.053655 0.00014979
7.050847 0.00014358
7.048039 0.00013775
7.045230 0.00013227
7.042422 0.00012712
7.039613 0.00012226
7.036805 0.00011768
7.033997 0.00011336
7.031188 0.00010927
7.028380 0.00010540
7.025571 0.00010174
7.022763 0.00009826
7.019955 0.00009496
7.017146 0.00009183
7.014338 0.00008885
7.011529 0.00008601
7.008721 0.00008331
7.005912 0.00008074
7.003104 0.00007828
7.000296 0.00007593
6.997487 0.00007369
6.994679 0.00007155
6.991870 0.00006950
6.989062 0.00006754
6.986254 0.00006566
6.983445 0.00006386
6.980637 0.00006213
6.977828 0.00006048
6.975020 0.00005888
6.972211 0.00005735
6.969403 0.00005588
6.966595 0.00005447
6.963786 0.00005311
6.960978 0.00005180
6.958169 0.00005054
6.955361 0.00004932
6.952553 0.00004815
6.949744 0.00004702
6.946936 0.00004593
6.944127 0.00004487
6.941319 0.00004386
6.938510 0.00004287
6.935702 0.00004192
6.932894 0.00004101
6.930085 0.00004012
6.927277 0.00003926
6.924468 0.00003843
6.921660 0.00003762
6.918852 0.00003684
6.916043 0.00003608
6.913235 0.00003535
6.910426 0.00003464
6.907618 0.00003395
6.904809 0.00003328
6.902001 0.00003263
6.899193 0.00003200
6.896384 0.00003139
6.893576 0.00003080
6.890767 0.00003022
6.887959 0.00002966
6.885151 0.00002911
6.882342 0.00002858
6.879534 0.00002806
6.876725 0.00002756
6.873917 0.00002707
6.871108 0.00002660
6.868300 0.00002613
6.865492 0.00002568
6.862683 0.00002524
6.859875 0.00002482
6.857066 0.00002440
6.854258 0.00002399
6.851450 0.00002359
6.848641 0.00002321
6.845833 0.00002283
6.843024 0.00002246
6.840216 0.00002210
6.837407 0.00002175
6.834599 0.00002141
6.831791 0.00002108
6.828982 0.00002075
6.826174 0.00002043
6.823365 0.00002012
6.820557 0.00001982
6.817749 0.00001952
6.814940 0.00001923
6.812132 0.00001894
6.809323 0.00001867
6.806515 0.00001840
6.803706 0.00001813
6.800898 0.00001787
6.798090 0.00001762
6.795281 0.00001737
6.792473 0.00001712
6.789664 0.00001688
6.786856 0.00001665
6.784048 0.00001642
6.781239 0.00001620
6.778431 0.00001598
6.775622 0.00001577
6.772814 0.00001556
6.770005 0.00001535
6.767197 0.00001515
6.764389 0.00001495
6.761580 0.00001475
6.758772 0.00001456
6.755963 0.00001438
6.753155 0.00001420
6.750347 0.00001402
6.747538 0.00001384
6.744730 0.00001367
6.741921 0.00001350
6.739113 0.00001333
6.736304 0.00001317
6.733496 0.00001301
6.730688 0.00001285
6.727879 0.00001270
6.725071 0.00001255
6.722262 0.00001240
6.719454 0.00001225
6.716646 0.00001211
6.713837 0.00001197
6.711029 0.00001183
6.708220 0.00001169
6.705412 0.00001156
6.702603 0.00001143
6.699795 0.00001130
6.696987 0.00001117
6.694178 0.00001105
6.691370 0.00001092
6.688561 0.00001080
6.685753 0.00001068
6.682945 0.00001057
6.680136 0.00001045
6.677328 0.00001034
6.674519 0.00001023
6.671711 0.00001012
6.668902 0.00001001
6.666094 0.00000991
6.663286 0.00000980
6.660477 0.00000970
6.657669 0.00000960
6.654860 0.00000950
6.652052 0.00000940
6.649244 0.00000931
6.646435 0.00000921
6.643627 0.00000912
6.640818 0.00000903
6.638010 0.00000894
6.635201 0.00000885
6.632393 0.00000876
6.629585 0.00000868
6.626776 0.00000859
6.623968 0.00000851
6.621159 0.00000843
6.618351 0.00000835
6.615543 0.00000827
6.612734 0.00000819
6.609926 0.00000811
6.607117 0.00000803
6.604309 0.00000796
6.601500 0.00000788
6.598692 0.00000781
6.595884 0.00000774
6.593075 0.00000767
6.590267 0.00000760
6.587458 0.00000753
6.584650 0.00000746
6.581842 0.00000739
6.579033 0.00000733
6.576225 0.00000726
6.573416 0.00000720
6.570608 0.00000713
6.567799 0.00000707
6.564991 0.00000701
6.562183 0.00000695
6.559374 0.00000689
6.556566 0.00000683
6.553757 0.00000677
6.550949 0.00000671
6.548141 0.00000665
6.545332 0.00000660
6.542524 0.00000654
6.539715 0.00000649
6.536907 0.00000643
6.534098 0.00000638
6.531290 0.00000633
6.528482 0.00000627
6.525673 0.00000622
6.522865 0.00000617
6.520056 0.00000612
6.517248 0.00000607
6.514440 0.00000602
6.511631 0.00000598
6.508823 0.00000593
6.506014 0.00000588
6.503206 0.00000583
6.500397 0.00000579
6.497589 0.00000574
6.494781 0.00000570
6.491972 0.00000565
6.489164 0.00000561
6.486355 0.00000557
6.483547 0.00000552
6.480739 0.00000548
6.477930 0.00000544
6.475122 0.00000540
6.472313 0.00000536
6.469505 0.00000532
6.466696 0.00000528
6.463888 0.00000524
6.461080 0.00000520
6.458271 0.00000516
6.455463 0.00000512
6.452654 0.00000509
6.449846 0.00000505
6.447038 0.00000501
6.444229 0.00000498
6.441421 0.00000494
6.438612 0.00000490
6.435804 0.00000487
6.432995 0.00000483
6.430187 0.00000480
6.427379 0.00000477
6.424570 0.00000473
6.421762 0.00000470
6.418953 0.00000467
6.416145 0.00000463
6.413337 0.00000460
6.410528 0.00000457
6.407720 0.00000454
6.404911 0.00000451
6.402103 0.00000448
6.399294 0.00000445
6.396486 0.00000442
6.393678 0.00000439
6.390869 0.00000436
6.388061 0.00000433
6.385252 0.00000430
6.382444 0.00000427
6.379636 0.00000424
6.376827 0.00000422
6.374019 0.00000419
6.371210 0.00000416
6.368402 0.00000413
6.365593 0.00000411
6.362785 0.00000408
6.359977 0.00000405
6.357168 0.00000403
6.354360 0.00000400
6.351551 0.00000398
6.348743 0.00000395
6.345935 0.00000393
6.343126 0.00000390
6.340318 0.00000388
6.337509 0.00000385
6.334701 0.00000383
6.331892 0.00000381
6.329084 0.00000378
6.326276 0.00000376
6.323467 0.00000374
6.320659 0.00000371
6.317850 0.00000369
6.315042 0.00000367
6.312234 0.00000365
6.309425 0.00000363
6.306617 0.00000360
6.303808 0.00000358
6.301000 0.00000356
6.298192 0.00000354
6.295383 0.00000352
6.292575 0.00000350
6.289766 0.00000348
6.286958 0.00000346
6.284149 0.00000344
6.281341 0.00000342
6.278533 0.00000340
6.275724 0.00000338
6.272916 0.00000336
6.270107 0.00000334
6.267299 0.00000332
6.264491 0.00000330
6.261682 0.00000328
6.258874 0.00000326
6.256065 0.00000325
6.253257 0.00000323
6.250448 0.00000321
6.247640 0.00000319
6.244832 0.00000318
6.242023 0.00000316
6.239215 0.00000314
6.236406 0.00000312
6.233598 0.00000311
6.230790 0.00000309
6.227981 0.00000307
6.225173 0.00000306
6.222364 0.00000304
6.219556 0.00000302
6.216747 0.00000301
6.213939 0.00000299
6.211131 0.00000298
6.208322 0.00000296
6.205514 0.00000294
6.202705 0.00000293
6.199897 0.00000291
6.197089 0.00000290
6.194280 0.00000288
6.191472 0.00000287
6.188663 0.00000285
6.185855 0.00000284
6.183046 0.00000282
6.180238 0.00000281
6.177430 0.00000280
6.174621 0.00000278
6.171813 0.00000277
6.169004 0.00000275
6.166196 0.00000274
6.163388 0.00000273
6.160579 0.00000271
6.157771 0.00000270
6.154962 0.00000269
6.152154 0.00000267
6.149345 0.00000266
6.146537 0.00000265
6.143729 0.00000263
6.140920 0.00000262
6.138112 0.00000261
6.135303 0.00000259
6.132495 0.00000258
6.129687 0.00000257
6.126878 0.00000256
6.124070 0.00000255
6.121261 0.00000253
6.118453 0.00000252
6.115644 0.00000251
6.112836 0.00000250
6.110028 0.00000249
6.107219 0.00000247
6.104411 0.00000246
6.101602 0.00000245
6.098794 0.00000244
6.095986 0.00000243
6.093177 0.00000242
6.090369 0.00000241
6.087560 0.00000239
6.084752 0.00000238
6.081943 0.00000237
6.079135 0.00000236
6.076327 0.00000235
6.073518 0.00000234
6.070710 0.00000233
6.067901 0.00000232
6.065093 0.00000231
6.062285 0.00000230
6.059476 0.00000229
6.056668 0.00000228
6.053859 0.00000227
6.051051 0.00000226
6.048242 0.00000225
6.045434 0.00000224
6.042626 0.00000223
6.039817 0.00000222
6.037009 0.00000221
6.034200 0.00000220
6.031392 0.00000219
6.028584 0.00000218
6.025775 0.00000217
6.022967 0.00000216
6.020158 0.00000215
6.017350 0.00000215
6.014541 0.00000214
6.011733 0.00000213
6.008925 0.00000212
6.006116 0.00000211
6.003308 0.00000210
6.000499 0.00000209
5.997691 0.00000208
5.994883 0.00000208
5.992074 0.00000207
5.989266 0.00000206
5.986457 0.00000205
5.983649 0.00000204
5.980840 0.00000203
5.978032 0.00000202
5.975224 0.00000202
5.972415 0.00000201
5.969607 0.00000200
5.966798 0.00000199
5.963990 0.00000198
5.961182 0.00000198
5.958373 0.00000197
5.955565 0.00000196
5.952756 0.00000195
5.949948 0.00000195
5.947139 0.00000194
5.944331 0.00000193
5.941523 0.00000192
5.938714 0.00000192
5.935906 0.00000191
5.933097 0.00000190
5.930289 0.00000189
5.927481 0.00000189
5.924672 0.00000188
5.921864 0.00000187
5.919055 0.00000187
5.916247 0.00000186
5.913438 0.00000185
5.910630 0.00000184
5.907822 0.00000184
5.905013 0.00000183
5.902205 0.00000182
5.899396 0.00000182
5.896588 0.00000181
5.893780 0.00000180
5.890971 0.00000180
5.888163 0.00000179
5.885354 0.00000178
5.882546 0.00000178
5.879737 0.00000177
5.876929 0.00000176
5.874121 0.00000176
5.871312 0.00000175
5.868504 0.00000175
5.865695 0.00000174
5.862887 0.00000173
5.860079 0.00000173
5.857270 0.00000172
5.854462 0.00000172
5.851653 0.00000171
5.848845 0.00000170
5.846036 0.00000170
5.843228 0.00000169
5.840420 0.00000169
5.837611 0.00000168
5.834803 0.00000167
5.831994 0.00000167
5.829186 0.00000166
5.826378 0.00000166
5.823569 0.00000165
5.820761 0.00000165
5.817952 0.00000164
5.815144 0.00000163
5.812335 0.00000163
5.809527 0.00000162
5.806719 0.00000162
5.803910 0.00000161
5.801102 0.00000161
5.798293 0.00000160
5.795485 0.00000160
5.792677 0.00000159
5.789868 0.00000159
5.787060 0.00000158
5.784251 0.00000158
5.781443 0.00000157
5.778634 0.00000157
5.775826 0.00000156
5.773018 0.00000156
5.770209 0.00000155
5.767401 0.00000155
5.764592 0.00000154
5.761784 0.00000154
5.758976 0.00000153
5.756167 0.00000153
5.753359 0.00000152
5.750550 0.00000152
5.747742 0.00000151
5.744933 0.00000151
5.742125 0.00000150
5.739317 0.00000150
5.736508 0.00000149
5.733700 0.00000149
5.730891 0.00000148
5.728083 0.00000148
5.725275 0.00000148
5.722466 0.00000147
5.719658 0.00000147
5.716849 0.00000146
5.714041 0.00000146
5.711232 0.00000145
5.708424 0.00000145
5.705616 0.00000145
5.702807 0.00000144
5.699999 0.00000144
5.697190 0.00000143
5.694382 0.00000143
5.691574 0.00000142
5.688765 0.00000142
5.685957 0.00000142
5.683148 0.00000141
5.680340 0.00000141
5.677531 0.00000140
5.674723 0.00000140
5.671915 0.00000140
5.669106 0.00000139
5.666298 0.00000139
5.663489 0.00000138
5.660681 0.00000138
5.657873 0.00000138
5.655064 0.00000137
5.652256 0.00000137
5.649447 0.00000136
5.646639 0.00000136
5.643830 0.00000136
5.641022 0.00000135
5.638214 0.00000135
5.635405 0.00000135
5.632597 0.00000134
5.629788 0.00000134
5.626980 0.00000133
5.624172 0.00000133
5.621363 0.00000133
5.618555 0.00000132
5.615746 0.00000132
5.612938 0.00000132
5.610129 0.00000131
5.607321 0.00000131
5.604513 0.00000131
5.601704 0.00000130
5.598896 0.00000130
5.596087 0.00000130
5.593279 0.00000129
5.590471 0.00000129
5.587662 0.00000129
5.584854 0.00000128
5.582045 0.00000128
5.579237 0.00000128
5.576429 0.00000127
5.573620 0.00000127
5.570812 0.00000127
5.568003 0.00000126
5.565195 0.00000126
5.562386 0.00000126
5.559578 0.00000125
5.556770 0.00000125
5.553961 0.00000125
5.551153 0.00000124
5.548344 0.00000124
5.545536 0.00000124
5.542728 0.00000124
5.539919 0.00000123
5.537111 0.00000123
5.534302 0.00000123
5.531494 0.00000122
5.528685 0.00000122
5.525877 0.00000122
5.523069 0.00000121
5.520260 0.00000121
5.517452 0.00000121
5.514643 0.00000121
5.511835 0.00000120
5.509027 0.00000120
5.506218 0.00000120
5.503410 0.00000119
5.500601 0.00000119
5.497793 0.00000119
5.494984 0.00000119
5.492176 0.00000118
5.489368 0.00000118
5.486559 0.00000118
5.483751 0.00000118
5.480942 0.00000117
5.478134 0.00000117
5.475326 0.00000117
5.472517 0.00000116
5.469709 0.00000116
5.466900 0.00000116
5.464092 0.00000116
5.461283 0.00000115
5.458475 0.00000115
5.455667 0.00000115
5.452858 0.00000115
5.450050 0.00000114
5.447241 0.00000114
5.444433 0.00000114
5.441625 0.00000114
5.438816 0.00000113
5.436008 0.00000113
5.433199 0.00000113
5.430391 0.00000113
5.427582 0.00000112
5.424774 0.00000112
5.421966 0.00000112
5.419157 0.00000112
5.416349 0.00000112
5.413540 0.00000111
5.410732 0.00000111
5.407924 0.00000111
5.405115 0.00000111
5.402307 0.00000110
5.399498 0.00000110
5.396690 0.00000110
5.393881 0.00000110
5.391073 0.00000109
5.388265 0.00000109
5.385456 0.00000109
5.382648 0.00000109
5.379839 0.00000109
5.377031 0.00000108
5.374223 0.00000108
5.371414 0.00000108
5.368606 0.00000108
5.365797 0.00000108
5.362989 0.00000107
5.360180 0.00000107
5.357372 0.00000107
5.354564 0.00000107
5.351755 0.00000107
5.348947 0.00000106
5.346138 0.00000106
5.343330 0.00000106
5.340522 0.00000106
5.337713 0.00000106
5.334905 0.00000105
5.332096 0.00000105
5.329288 0.00000105
5.326479 0.00000105
5.323671 0.00000105
5.320863 0.00000104
5.318054 0.00000104
5.315246 0.00000104
5.312437 0.00000104
5.309629 0.00000104
5.306821 0.00000103
5.304012 0.00000103
5.301204 0.00000103
5.298395 0.00000103
5.295587 0.00000103
5.292778 0.00000102
5.289970 0.00000102
5.287162 0.00000102
5.284353 0.00000102
5.281545 0.00000102
5.278736 0.00000102
5.275928 0.00000101
5.273120 0.00000101
5.270311 0.00000101
5.267503 0.00000101
5.264694 0.00000101
5.261886 0.00000101
5.259077 0.00000100
5.256269 0.00000100
5.253461 0.00000100
5.250652 0.00000100
5.247844 0.00000100
5.245035 0.00000100
5.242227 0.00000099
5.239419 0.00000099
5.236610 0.00000099
5.233802 0.00000099
5.230993 0.00000099
5.228185 0.00000099
5.225376 0.00000098
5.222568 0.00000098
5.219760 0.00000098
5.216951 0.00000098
5.214143 0.00000098
5.211334 0.00000098
5.208526 0.00000098
5.205718 0.00000097
5.202909 0.00000097
5.200101 0.00000097
5.197292 0.00000097
5.194484 0.00000097
5.191675 0.00000097
5.188867 0.00000096
5.186059 0.00000096
5.183250 0.00000096
5.180442 0.00000096
5.177633 0.00000096
5.174825 0.00000096
5.172017 0.00000096
5.169208 0.00000095
5.166400 0.00000095
5.163591 0.00000095
5.160783 0.00000095
5.157974 0.00000095
5.155166 0.00000095
5.152358 0.00000095
5.149549 0.00000095
5.146741 0.00000094
5.143932 0.00000094
5.141124 0.00000094
5.138316 0.00000094
5.135507 0.00000094
5.132699 0.00000094
5.129890 0.00000094
5.127082 0.00000093
5.124273 0.00000093
5.121465 0.00000093
5.118657 0.00000093
5.115848 0.00000093
5.113040 0.00000093
5.110231 0.00000093
5.107423 0.00000093
5.104615 0.00000093
5.101806 0.00000092
5.098998 0.00000092
5.096189 0.00000092
5.093381 0.00000092
5.090572 0.00000092
5.087764 0.00000092
5.084956 0.00000092
5.082147 0.00000092
5.079339 0.00000091
5.076530 0.00000091
5.073722 0.00000091
5.070914 0.00000091
5.068105 0.00000091
5.065297 0.00000091
5.062488 0.00000091
5.059680 0.00000091
5.056871 0.00000091
5.054063 0.00000090
5.051255 0.00000090
5.048446 0.00000090
5.045638 0.00000090
5.042829 0.00000090
5.040021 0.00000090
5.037213 0.00000090
5.034404 0.00000090
5.031596 0.00000090
5.028787 0.00000090
5.025979 0.00000089
5.023170 0.00000089
5.020362 0.00000089
5.017554 0.00000089
5.014745 0.00000089
5.011937 0.00000089
5.009128 0.00000089
5.006320 0.00000089
5.003512 0.00000089
5.000703 0.00000089
4.997895 0.00000088
4.995086 0.00000088
4.992278 0.00000088
4.989469 0.00000088
4.986661 0.00000088
4.983853 0.00000088
4.981044 0.00000088
4.978236 0.00000088
4.975427 0.00000088
4.972619 0.00000088
4.969811 0.00000088
4.967002 0.00000087
4.964194 0.00000087
4.961385 0.00000087
4.958577 0.00000087
4.955768 0.00000087
4.952960 0.00000087
4.950152 0.00000087
4.947343 0.00000087
4.944535 0.00000087
4.941726 0.00000087
4.938918 0.00000087
4.936110 0.00000087
4.933301 0.00000086
4.930493 0.00000086
4.927684 0.00000086
4.924876 0.00000086
4.922067 0.00000086
4.919259 0.00000086
4.916451 0.00000086
4.913642 0.00000086
4.910834 0.00000086
4.908025 0.00000086
4.905217 0.00000086
4.902409 0.00000086
4.899600 0.00000086
4.896792 0.00000085
4.893983 0.00000085
4.891175 0.00000085
4.888366 0.00000085
4.885558 0.00000085
4.882750 0.00000085
4.879941 0.00000085
4.877133 0.00000085
4.874324 0.00000085
4.871516 0.00000085
4.868708 0.00000085
4.865899 0.00000085
4.863091 0.00000085
4.860282 0.00000085
4.857474 0.00000085
4.854666 0.00000084
4.851857 0.00000084
4.849049 0.00000084
4.846240 0.00000084
4.843432 0.00000084
4.840623 0.00000084
4.837815 0.00000084
4.835007 0.00000084
4.832198 0.00000084
4.829390 0.00000084
4.826581 0.00000084
4.823773 0.00000084
4.820965 0.00000084
4.818156 0.00000084
4.815348 0.00000084
4.812539 0.00000084
4.809731 0.00000084
4.806922 0.00000083
4.804114 0.00000083
4.801306 0.00000083
4.798497 0.00000083
4.795689 0.00000083
4.792880 0.00000083
4.790072 0.00000083
4.787264 0.00000083
4.784455 0.00000083
4.781647 0.00000083
4.778838 0.00000083
4.776030 0.00000083
4.773221 0.00000083
4.770413 0.00000083
4.767605 0.00000083
4.764796 0.00000083
4.761988 0.00000083
4.759179 0.00000083
4.756371 0.00000083
4.753563 0.00000083
4.750754 0.00000083
4.747946 0.00000082
4.745137 0.00000082
4.742329 0.00000082
4.739520 0.00000082
4.736712 0.00000082
4.733904 0.00000082
4.731095 0.00000082
4.728287 0.00000082
4.725478 0.00000082
4.722670 0.00000082
4.719862 0.00000082
4.717053 0.00000082
4.714245 0.00000082
4.711436 0.00000082
4.708628 0.00000082
4.705819 0.00000082
4.703011 0.00000082
4.700203 0.00000082
4.697394 0.00000082
4.694586 0.00000082
4.691777 0.00000082
4.688969 0.00000082
4.686161 0.00000082
4.683352 0.00000082
4.680544 0.00000082
4.677735 0.00000082
4.674927 0.00000082
4.672118 0.00000081
4.669310 0.00000081
4.666502 0.00000081
4.663693 0.00000081
4.660885 0.00000081
4.658076 0.00000081
4.655268 0.00000081
4.652460 0.00000081
4.649651 0.00000081
4.646843 0.00000081
4.644034 0.00000081
4.641226 0.00000081
4.638417 0.00000081
4.635609 0.00000081
4.632801 0.00000081
4.629992 0.00000081
4.627184 0.00000081
4.624375 0.00000081
4.621567 0.00000081
4.618759 0.00000081
4.615950 0.00000081
4.613142 0.00000081
4.610333 0.00000081
4.607525 0.00000081
4.604716 0.00000081
4.601908 0.00000081
4.599100 0.00000081
4.596291 0.00000081
4.593483 0.00000081
4.590674 0.00000081
4.587866 0.00000081
4.585058 0.00000081
4.582249 0.00000081
4.579441 0.00000081
4.576632 0.00000081
4.573824 0.00000081
4.571015 0.00000081
4.568207 0.00000081
4.565399 0.00000081
4.562590 0.00000081
4.559782 0.00000081
4.556973 0.00000081
4.554165 0.00000081
4.551357 0.00000081
4.548548 0.00000081
4.545740 0.00000081
4.542931 0.00000081
4.540123 0.00000081
4.537314 0.00000081
4.534506 0.00000081
4.531698 0.00000081
4.528889 0.00000081
4.526081 0.00000081
4.523272 0.00000080
4.520464 0.00000080
4.517656 0.00000080
4.514847 0.00000080
4.512039 0.00000080
4.509230 0.00000080
4.506422 0.00000080
4.503613 0.00000080
4.500805 0.00000080
4.497997 0.00000080
4.495188 0.00000080
4.492380 0.00000080
4.489571 0.00000080
4.486763 0.00000080
4.483955 0.00000080
4.481146 0.00000080
4.478338 0.00000080
4.475529 0.00000080
4.472721 0.00000080
4.469912 0.00000080
4.467104 0.00000080
4.464296 0.00000080
4.461487 0.00000080
4.458679 0.00000080
4.455870 0.00000080
4.453062 0.00000080
4.450254 0.00000080
4.447445 0.00000080
4.444637 0.00000080
4.441828 0.00000080
4.439020 0.00000080
4.436211 0.00000080
4.433403 0.00000081
4.430595 0.00000081
4.427786 0.00000081
4.424978 0.00000081
4.422169 0.00000081
4.419361 0.00000081
4.416553 0.00000081
4.413744 0.00000081
4.410936 0.00000081
4.408127 0.00000081
4.405319 0.00000081
4.402510 0.00000081
4.399702 0.00000081
4.396894 0.00000081
4.394085 0.00000081
4.391277 0.00000081
4.388468 0.00000081
4.385660 0.00000081
4.382852 0.00000081
4.380043 0.00000081
4.377235 0.00000081
4.374426 0.00000081
4.371618 0.00000081
4.368809 0.00000081
4.366001 0.00000081
4.363193 0.00000081
4.360384 0.00000081
4.357576 0.00000081
4.354767 0.00000081
4.351959 0.00000081
4.349151 0.00000081
4.346342 0.00000081
4.343534 0.00000081
4.340725 0.00000081
4.337917 0.00000081
4.335108 0.00000081
4.332300 0.00000081
4.329492 0.00000081
4.326683 0.00000081
4.323875 0.00000081
4.321066 0.00000081
4.318258 0.00000081
4.315450 0.00000081
4.312641 0.00000081
4.309833 0.00000081
4.307024 0.00000081
4.304216 0.00000081
4.301407 0.00000081
4.298599 0.00000081
4.295791 0.00000081
4.292982 0.00000081
4.290174 0.00000081
4.287365 0.00000081
4.284557 0.00000081
4.281749 0.00000081
4.278940 0.00000082
4.276132 0.00000082
4.273323 0.00000082
4.270515 0.00000082
4.267706 0.00000082
4.264898 0.00000082
4.262090 0.00000082
4.259281 0.00000082
4.256473 0.00000082
4.253664 0.00000082
4.250856 0.00000082
4.248048 0.00000082
4.245239 0.00000082
4.242431 0.00000082
4.239622 0.00000082
4.236814 0.00000082
4.234005 0.00000082
4.231197 0.00000082
4.228389 0.00000082
4.225580 0.00000082
4.222772 0.00000082
4.219963 0.00000082
4.217155 0.00000082
4.214347 0.00000082
4.211538 0.00000082
4.208730 0.00000082
4.205921 0.00000082
4.203113 0.00000082
4.200304 0.00000083
4.197496 0.00000083
4.194688 0.00000083
4.191879 0.00000083
4.189071 0.00000083
4.186262 0.00000083
4.183454 0.00000083
4.180646 0.00000083
4.177837 0.00000083
4.175029 0.00000083
4.172220 0.00000083
4.169412 0.00000083
4.166603 0.00000083
4.163795 0.00000083
4.160987 0.00000083
4.158178 0.00000083
4.155370 0.00000083
4.152561 0.00000083
4.149753 0.00000083
4.146945 0.00000083
4.144136 0.00000083
4.141328 0.00000084
4.138519 0.00000084
4.135711 0.00000084
4.132903 0.00000084
4.130094 0.00000084
4.127286 0.00000084
4.124477 0.00000084
4.121669 0.00000084
4.118860 0.00000084
4.116052 0.00000084
4.113244 0.00000084
4.110435 0.00000084
4.107627 0.00000084
4.104818 0.00000084
4.102010 0.00000084
4.099202 0.00000084
4.096393 0.00000084
4.093585 0.00000084
4.090776 0.00000085
4.087968 0.00000085
4.085159 0.00000085
4.082351 0.00000085
4.079543 0.00000085
4.076734 0.00000085
4.073926 0.00000085
4.071117 0.00000085
4.068309 0.00000085
4.065501 0.00000085
4.062692 0.00000085
4.059884 0.00000085
4.057075 0.00000085
4.054267 0.00000085
4.051458 0.00000085
4.048650 0.00000085
4.045842 0.00000086
4.043033 0.00000086
4.040225 0.00000086
4.037416 0.00000086
4.034608 0.00000086
4.031800 0.00000086
4.028991 0.00000086
4.026183 0.00000086
4.023374 0.00000086
4.020566 0.00000086
4.017757 0.00000086
4.014949 0.00000086
4.012141 0.00000086
4.009332 0.00000086
4.006524 0.00000087
4.003715 0.00000087
4.000907 0.00000087
3.998099 0.00000087
3.995290 0.00000087
3.992482 0.00000087
3.989673 0.00000087
3.986865 0.00000087
3.984056 0.00000087
3.981248 0.00000087
3.978440 0.00000087
3.975631 0.00000087
3.972823 0.00000087
3.970014 0.00000088
3.967206 0.00000088
3.964398 0.00000088
3.961589 0.00000088
3.958781 0.00000088
3.955972 0.00000088
3.953164 0.00000088
3.950355 0.00000088
3.947547 0.00000088
3.944739 0.00000088
3.941930 0.00000088
3.939122 0.00000088
3.936313 0.00000088
3.933505 0.00000089
3.930697 0.00000089
3.927888 0.00000089
3.925080 0.00000089
3.922271 0.00000089
3.919463 0.00000089
3.916654 0.00000089
3.913846 0.00000089
3.911038 0.00000089
3.908229 0.00000089
3.905421 0.00000089
3.902612 0.00000090
3.899804 0.00000090
3.896996 0.00000090
3.894187 0.00000090
3.891379 0.00000090
3.888570 0.00000090
3.885762 0.00000090
3.882953 0.00000090
3.880145 0.00000090
3.877337 0.00000090
3.874528 0.00000091
3.871720 0.00000091
3.868911 0.00000091
3.866103 0.00000091
3.863295 0.00000091
3.860486 0.00000091
3.857678 0.00000091
3.854869 0.00000091
3.852061 0.00000091
3.849252 0.00000091
3.846444 0.00000092
3.843636 0.00000092
3.840827 0.00000092
3.838019 0.00000092
3.835210 0.00000092
3.832402 0.00000092
3.829594 0.00000092
3.826785 0.00000092
3.823977 0.00000092
3.821168 0.00000092
3.818360 0.00000093
3.815551 0.00000093
3.812743 0.00000093
3.809935 0.00000093
3.807126 0.00000093
3.804318 0.00000093
3.801509 0.00000093
3.798701 0.00000093
3.795893 0.00000093
3.793084 0.00000094
3.790276 0.00000094
3.787467 0.00000094
3.784659 0.00000094
3.781850 0.00000094
3.779042 0.00000094
3.776234 0.00000094
3.773425 0.00000094
3.770617 0.00000094
3.767808 0.00000095
3.765000 0.00000095
3.762192 0.00000095
3.759383 0.00000095
3.756575 0.00000095
3.753766 0.00000095
3.750958 0.00000095
3.748149 0.00000095
3.745341 0.00000096
3.742533 0.00000096
3.739724 0.00000096
3.736916 0.00000096
3.734107 0.00000096
3.731299 0.00000096
3.728491 0.00000096
3.725682 0.00000096
3.722874 0.00000097
3.720065 0.00000097
3.717257 0.00000097
3.714448 0.00000097
3.711640 0.00000097
3.708832 0.00000097
3.706023 0.00000097
3.703215 0.00000097
3.700406 0.00000098
3.697598 0.00000098
3.694790 0.00000098
3.691981 0.00000098
3.689173 0.00000098
3.686364 0.00000098
3.683556 0.00000098
3.680747 0.00000099
3.677939 0.00000099
3.675131 0.00000099
3.672322 0.00000099
3.669514 0.00000099
3.666705 0.00000099
3.663897 0.00000099
3.661089 0.00000100
3.658280 0.00000100
3.655472 0.00000100
3.652663 0.00000100
3.649855 0.00000100
3.647046 0.00000100
3.644238 0.00000100
3.641430 0.00000101
3.638621 0.00000101
3.635813 0.00000101
3.633004 0.00000101
3.630196 0.00000101
3.627388 0.00000101
3.624579 0.00000101
3.621771 0.00000102
3.618962 0.00000102
3.616154 0.00000102
3.613345 0.00000102
3.610537 0.00000102
3.607729 0.00000102
3.604920 0.00000103
3.602112 0.00000103
3.599303 0.00000103
3.596495 0.00000103
3.593687 0.00000103
3.590878 0.00000103
3.588070 0.00000104
3.585261 0.00000104
3.582453 0.00000104
3.579644 0.00000104
3.576836 0.00000104
3.574028 0.00000104
3.571219 0.00000105
3.568411 0.00000105
3.565602 0.00000105
3.562794 0.00000105
3.559986 0.00000105
3.557177 0.00000105
3.554369 0.00000106
3.551560 0.00000106
3.548752 0.00000106
3.545943 0.00000106
3.543135 0.00000106
3.540327 0.00000106
3.537518 0.00000107
3.534710 0.00000107
3.531901 0.00000107
3.529093 0.00000107
3.526285 0.00000107
3.523476 0.00000107
3.520668 0.00000108
3.517859 0.00000108
3.515051 0.00000108
3.512242 0.00000108
3.509434 0.00000108
3.506626 0.00000109
3.503817 0.00000109
3.501009 0.00000109
3.498200 0.00000109
3.495392 0.00000109
3.492584 0.00000109
3.489775 0.00000110
3.486967 0.00000110
3.484158 0.00000110
3.481350 0.00000110
3.478541 0.00000110
3.475733 0.00000111
3.472925 0.00000111
3.470116 0.00000111
3.467308 0.00000111
3.464499 0.00000111
3.461691 0.00000112
3.458883 0.00000112
3.456074 0.00000112
3.453266 0.00000112
3.450457 0.00000112
3.447649 0.00000113
3.444840 0.00000113
3.442032 0.00000113
3.439224 0.00000113
3.436415 0.00000113
3.433607 0.00000114
3.430798 0.00000114
3.427990 0.00000114
3.425182 0.00000114
3.422373 0.00000115
3.419565 0.00000115
3.416756 0.00000115
3.413948 0.00000115
3.411140 0.00000115
3.408331 0.00000116
3.405523 0.00000116
3.402714 0.00000116
3.399906 0.00000116
3.397097 0.00000116
3.394289 0.00000117
3.391481 0.00000117
3.388672 0.00000117
3.385864 0.00000117
3.383055 0.00000118
3.380247 0.00000118
3.377439 0.00000118
3.374630 0.00000118
3.371822 0.00000118
3.369013 0.00000119
3.366205 0.00000119
3.363396 0.00000119
3.360588 0.00000119
3.357780 0.00000120
3.354971 0.00000120
3.352163 0.00000120
3.349354 0.00000120
3.346546 0.00000121
3.343738 0.00000121
3.340929 0.00000121
3.338121 0.00000121
3.335312 0.00000122
3.332504 0.00000122
3.329695 0.00000122
3.326887 0.00000122
3.324079 0.00000123
3.321270 0.00000123
3.318462 0.00000123
3.315653 0.00000123
3.312845 0.00000124
3.310037 0.00000124
3.307228 0.00000124
3.304420 0.00000124
3.301611 0.00000125
3.298803 0.00000125
3.295994 0.00000125
3.293186 0.00000125
3.290378 0.00000126
3.287569 0.00000126
3.284761 0.00000126
3.281952 0.00000126
3.279144 0.00000127
3.276336 0.00000127
3.273527 0.00000127
3.270719 0.00000128
3.267910 0.00000128
3.265102 0.00000128
3.262293 0.00000128
3.259485 0.00000129
3.256677 0.00000129
3.253868 0.00000129
3.251060 0.00000129
3.248251 0.00000130
3.245443 0.00000130
3.242635 0.00000130
3.239826 0.00000131
3.237018 0.00000131
3.234209 0.00000131
3.231401 0.00000131
3.228592 0.00000132
3.225784 0.00000132
3.222976 0.00000132
3.220167 0.00000133
3.217359 0.00000133
3.214550 0.00000133
3.211742 0.00000133
3.208934 0.00000134
3.206125 0.00000134
3.203317 0.00000134
3.200508 0.00000135
3.197700 0.00000135
3.194891 0.00000135
3.192083 0.00000136
3.189275 0.00000136
3.186466 0.00000136
3.183658 0.00000137
3.180849 0.00000137
3.178041 0.00000137
3.175233 0.00000138
3.172424 0.00000138
3.169616 0.00000138
3.166807 0.00000138
3.163999 0.00000139
3.161190 0.00000139
3.158382 0.00000139
3.155574 0.00000140
3.152765 0.00000140
3.149957 0.00000140
3.147148 0.00000141
3.144340 0.00000141
3.141532 0.00000141
3.138723 0.00000142
3.135915 0.00000142
3.133106 0.00000142
3.130298 0.00000143
3.127489 0.00000143
3.124681 0.00000143
3.121873 0.00000144
3.119064 0.00000144
3.116256 0.00000145
3.113447 0.00000145
3.110639 0.00000145
3.107831 0.00000146
3.105022 0.00000146
3.102214 0.00000146
3.099405 0.00000147
3.096597 0.00000147
3.093788 0.00000147
3.090980 0.00000148
3.088172 0.00000148
3.085363 0.00000148
3.082555 0.00000149
3.079746 0.00000149
3.076938 0.00000150
3.074130 0.00000150
3.071321 0.00000150
3.068513 0.00000151
3.065704 0.00000151
3.062896 0.00000152
3.060087 0.00000152
3.057279 0.00000152
3.054471 0.00000153
3.051662 0.00000153
3.048854 0.00000153
3.046045 0.00000154
3.043237 0.00000154
3.040429 0.00000155
3.037620 0.00000155
3.034812 0.00000155
3.032003 0.00000156
3.029195 0.00000156
3.026386 0.00000157
3.023578 0.00000157
3.020770 0.00000158
3.017961 0.00000158
3.015153 0.00000158
3.012344 0.00000159
3.009536 0.00000159
3.006728 0.00000160
3.003919 0.00000160
3.001111 0.00000160
2.998302 0.00000161
2.995494 0.00000161
2.992685 0.00000162
2.989877 0.00000162
2.987069 0.00000163
2.984260 0.00000163
2.981452 0.00000164
2.978643 0.00000164
2.975835 0.00000164
2.973027 0.00000165
2.970218 0.00000165
2.967410 0.00000166
2.964601 0.00000166
2.961793 0.00000167
2.958984 0.00000167
2.956176 0.00000168
2.953368 0.00000168
2.950559 0.00000169
2.947751 0.00000169
2.944942 0.00000169
2.942134 0.00000170
2.939326 0.00000170
2.936517 0.00000171
2.933709 0.00000171
2.930900 0.00000172
2.928092 0.00000172
2.925283 0.00000173
2.922475 0.00000173
2.919667 0.00000174
2.916858 0.00000174
2.914050 0.00000175
2.911241 0.00000175
2.908433 0.00000176
2.905625 0.00000176
2.902816 0.00000177
2.900008 0.00000177
2.897199 0.00000178
2.894391 0.00000178
2.891582 0.00000179
2.888774 0.00000179
2.885966 0.00000180
2.883157 0.00000181
2.880349 0.00000181
2.877540 0.00000182
2.874732 0.00000182
2.871924 0.00000183
2.869115 0.00000183
2.866307 0.00000184
2.863498 0.00000184
2.860690 0.00000185
2.857881 0.00000185
2.855073 0.00000186
2.852265 0.00000187
2.849456 0.00000187
2.846648 0.00000188
2.843839 0.00000188
2.841031 0.00000189
2.838223 0.00000189
2.835414 0.00000190
2.832606 0.00000191
2.829797 0.00000191
2.826989 0.00000192
2.824180 0.00000192
2.821372 0.00000193
2.818564 0.00000193
2.815755 0.00000194
2.812947 0.00000195
2.810138 0.00000195
2.807330 0.00000196
2.804522 0.00000197
2.801713 0.00000197
2.798905 0.00000198
2.796096 0.00000198
2.793288 0.00000199
2.790479 0.00000200
2.787671 0.00000200
2.784863 0.00000201
2.782054 0.00000202
2.779246 0.00000202
2.776437 0.00000203
2.773629 0.00000203
2.770821 0.00000204
2.768012 0.00000205
2.765204 0.00000205
2.762395 0.00000206
2.759587 0.00000207
2.756778 0.00000207
2.753970 0.00000208
2.751162 0.00000209
2.748353 0.00000210
2.745545 0.00000210
2.742736 0.00000211
2.739928 0.00000212
2.737120 0.00000212
2.734311 0.00000213
2.731503 0.00000214
2.728694 0.00000214
2.725886 0.00000215
2.723077 0.00000216
2.720269 0.00000217
2.717461 0.00000217
2.714652 0.00000218
2.711844 0.00000219
2.709035 0.00000220
2.706227 0.00000220
2.703419 0.00000221
2.700610 0.00000222
2.697802 0.00000223
2.694993 0.00000223
2.692185 0.00000224
2.689377 0.00000225
2.686568 0.00000226
2.683760 0.00000226
2.680951 0.00000227
2.678143 0.00000228
2.675334 0.00000229
2.672526 0.00000230
2.669718 0.00000230
2.666909 0.00000231
2.664101 0.00000232
2.661292 0.00000233
2.658484 0.00000234
2.655676 0.00000234
2.652867 0.00000235
2.650059 0.00000236
2.647250 0.00000237
2.644442 0.00000238
2.641633 0.00000239
2.638825 0.00000240
2.636017 0.00000240
2.633208 0.00000241
2.630400 0.00000242
2.627591 0.00000243
2.624783 0.00000244
2.621975 0.00000245
2.619166 0.00000246
2.616358 0.00000247
2.613549 0.00000247
2.610741 0.00000248
2.607932 0.00000249
2.605124 0.00000250
2.602316 0.00000251
2.599507 0.00000252
2.596699 0.00000253
2.593890 0.00000254
2.591082 0.00000255
2.588274 0.00000256
2.585465 0.00000257
2.582657 0.00000258
2.579848 0.00000259
2.577040 0.00000260
2.574231 0.00000261
2.571423 0.00000262
2.568615 0.00000263
2.565806 0.00000264
2.562998 0.00000265
2.560189 0.00000266
2.557381 0.00000267
2.554573 0.00000268
2.551764 0.00000269
2.548956 0.00000270
2.546147 0.00000271
2.543339 0.00000272
2.540530 0.00000273
2.537722 0.00000274
2.534914 0.00000275
2.532105 0.00000276
2.529297 0.00000277
2.526488 0.00000278
2.523680 0.00000280
2.520872 0.00000281
2.518063 0.00000282
2.515255 0.00000283
2.512446 0.00000284
2.509638 0.00000285
2.506829 0.00000286
2.504021 0.00000287
2.501213 0.00000289
2.498404 0.00000290
2.495596 0.00000291
2.492787 0.00000292
2.489979 0.00000293
2.487171 0.00000295
2.484362 0.00000296
2.481554 0.00000297
2.478745 0.00000298
2.475937 0.00000299
2.473128 0.00000301
2.470320 0.00000302
2.467512 0.00000303
2.464703 0.00000304
2.461895 0.00000306
2.459086 0.00000307
2.456278 0.00000308
2.453470 0.00000310
2.450661 0.00000311
2.447853 0.00000312
2.445044 0.00000313
2.442236 0.00000315
2.439427 0.00000316
2.436619 0.00000318
2.433811 0.00000319
2.431002 0.00000320
2.428194 0.00000322
2.425385 0.00000323
2.422577 0.00000324
2.419769 0.00000326
2.416960 0.00000327
2.414152 0.00000329
2.411343 0.00000330
2.408535 0.00000332
2.405726 0.00000333
2.402918 0.00000335
2.400110 0.00000336
2.397301 0.00000337
2.394493 0.00000339
2.391684 0.00000340
2.388876 0.00000342
2.386068 0.00000344
2.383259 0.00000345
2.380451 0.00000347
2.377642 0.00000348
2.374834 0.00000350
2.372025 0.00000351
2.369217 0.00000353
2.366409 0.00000355
2.363600 0.00000356
2.360792 0.00000358
2.357983 0.00000359
2.355175 0.00000361
2.352367 0.00000363
2.349558 0.00000364
2.346750 0.00000366
2.343941 0.00000368
2.341133 0.00000370
2.338324 0.00000371
2.335516 0.00000373
2.332708 0.00000375
2.329899 0.00000377
2.327091 0.00000378
2.324282 0.00000380
2.321474 0.00000382
2.318666 0.00000384
2.315857 0.00000386
2.313049 0.00000388
2.310240 0.00000389
2.307432 0.00000391
2.304623 0.00000393
2.301815 0.00000395
2.299007 0.00000397
2.296198 0.00000399
2.293390 0.00000401
2.290581 0.00000403
2.287773 0.00000405
2.284965 0.00000407
2.282156 0.00000409
2.279348 0.00000411
2.276539 0.00000413
2.273731 0.00000415
2.270922 0.00000417
2.268114 0.00000419
2.265306 0.00000421
2.262497 0.00000423
2.259689 0.00000426
2.256880 0.00000428
2.254072 0.00000430
2.251264 0.00000432
2.248455 0.00000434
2.245647 0.00000437
2.242838 0.00000439
2.240030 0.00000441
2.237221 0.00000443
2.234413 0.00000446
2.231605 0.00000448
2.228796 0.00000450
2.225988 0.00000453
2.223179 0.00000455
2.220371 0.00000457
2.217563 0.00000460
2.214754 0.00000462
2.211946 0.00000465
2.209137 0.00000467
2.206329 0.00000470
2.203520 0.00000472
2.200712 0.00000475
2.197904 0.00000477
2.195095 0.00000480
2.192287 0.00000483
2.189478 0.00000485
2.186670 0.00000488
2.183862 0.00000491
2.181053 0.00000493
2.178245 0.00000496
2.175436 0.00000499
2.172628 0.00000501
2.169819 0.00000504
2.167011 0.00000507
2.164203 0.00000510
2.161394 0.00000513
2.158586 0.00000516
2.155777 0.00000519
2.152969 0.00000522
2.150161 0.00000524
2.147352 0.00000527
2.144544 0.00000530
2.141735 0.00000534
2.138927 0.00000537
2.136118 0.00000540
2.133310 0.00000543
2.130502 0.00000546
2.127693 0.00000549
2.124885 0.00000552
2.122076 0.00000556
2.119268 0.00000559
2.116460 0.00000562
2.113651 0.00000566
2.110843 0.00000569
2.108034 0.00000572
2.105226 0.00000576
2.102417 0.00000579
2.099609 0.00000583
2.096801 0.00000586
2.093992 0.00000590
2.091184 0.00000593
2.088375 0.00000597
2.085567 0.00000601
2.082759 0.00000604
2.079950 0.00000608
2.077142 0.00000612
2.074333 0.00000615
2.071525 0.00000619
2.068716 0.00000623
2.065908 0.00000627
2.063100 0.00000631
2.060291 0.00000635
2.057483 0.00000639
2.054674 0.00000643
2.051866 0.00000647
2.049058 0.00000651
2.046249 0.00000655
2.043441 0.00000660
2.040632 0.00000664
2.037824 0.00000668
2.035015 0.00000673
2.032207 0.00000677
2.029399 0.00000681
2.026590 0.00000686
2.023782 0.00000690
2.020973 0.00000695
2.018165 0.00000700
2.015357 0.00000704
2.012548 0.00000709
2.009740 0.00000714
2.006931 0.00000718
2.004123 0.00000723
2.001314 0.00000728
1.998506 0.00000733
1.995698 0.00000738
1.992889 0.00000743
1.990081 0.00000748
1.987272 0.00000754
1.984464 0.00000759
1.981656 0.00000764
1.978847 0.00000769
1.976039 0.00000775
1.973230 0.00000780
1.970422 0.00000786
1.967614 0.00000791
1.964805 0.00000797
1.961997 0.00000803
1.959188 0.00000808
1.956380 0.00000814
1.953571 0.00000820
1.950763 0.00000826
1.947955 0.00000832
1.945146 0.00000838
1.942338 0.00000844
1.939529 0.00000850
1.936721 0.00000857
1.933913 0.00000863
1.931104 0.00000869
1.928296 0.00000876
1.925487 0.00000883
1.922679 0.00000889
1.919870 0.00000896
1.917062 0.00000903
1.914254 0.00000910
1.911445 0.00000917
1.908637 0.00000924
1.905828 0.00000931
1.903020 0.00000938
1.900212 0.00000945
1.897403 0.00000953
1.894595 0.00000960
1.891786 0.00000968
1.888978 0.00000975
1.886169 0.00000983
1.883361 0.00000991
1.880553 0.00000999
1.877744 0.00001007
1.874936 0.00001015
1.872127 0.00001023
1.869319 0.00001031
1.866511 0.00001040
1.863702 0.00001048
1.860894 0.00001057
1.858085 0.00001066
1.855277 0.00001075
1.852468 0.00001084
1.849660 0.00001093
1.846852 0.00001102
1.844043 0.00001111
1.841235 0.00001121
1.838426 0.00001130
1.835618 0.00001140
1.832810 0.00001150
1.830001 0.00001160
1.827193 0.00001170
1.824384 0.00001180
1.821576 0.00001190
1.818767 0.00001201
1.815959 0.00001211
1.813151 0.00001222
1.810342 0.00001233
1.807534 0.00001244
1.804725 0.00001255
1.801917 0.00001267
1.799109 0.00001278
1.796300 0.00001290
1.793492 0.00001302
1.790683 0.00001314
1.787875 0.00001326
1.785066 0.00001338
1.782258 0.00001351
1.779450 0.00001363
1.776641 0.00001376
1.773833 0.00001389
1.771024 0.00001402
1.768216 0.00001416
1.765408 0.00001430
1.762599 0.00001443
1.759791 0.00001457
1.756982 0.00001472
1.754174 0.00001486
1.751365 0.00001501
1.748557 0.00001516
1.745749 0.00001531
1.742940 0.00001546
1.740132 0.00001562
1.737323 0.00001578
1.734515 0.00001594
1.731707 0.00001610
1.728898 0.00001626
1.726090 0.00001643
1.723281 0.00001660
1.720473 0.00001678
1.717664 0.00001695
1.714856 0.00001713
1.712048 0.00001731
1.709239 0.00001750
1.706431 0.00001769
1.703622 0.00001788
1.700814 0.00001807
1.698006 0.00001827
1.695197 0.00001847
1.692389 0.00001867
1.689580 0.00001888
1.686772 0.00001909
1.683963 0.00001931
1.681155 0.00001952
1.678347 0.00001975
1.675538 0.00001997
1.672730 0.00002020
1.669921 0.00002044
1.667113 0.00002067
1.664305 0.00002091
1.661496 0.00002116
1.658688 0.00002141
1.655879 0.00002167
1.653071 0.00002193
1.650262 0.00002219
1.647454 0.00002246
1.644646 0.00002273
1.641837 0.00002301
1.639029 0.00002330
1.636220 0.00002359
1.633412 0.00002388
1.630604 0.00002418
1.627795 0.00002449
1.624987 0.00002480
1.622178 0.00002512
1.619370 0.00002545
1.616561 0.00002578
1.613753 0.00002611
1.610945 0.00002646
1.608136 0.00002681
1.605328 0.00002717
1.602519 0.00002753
1.599711 0.00002791
1.596903 0.00002829
1.594094 0.00002868
1.591286 0.00002907
1.588477 0.00002948
1.585669 0.00002989
1.582860 0.00003031
1.580052 0.00003075
1.577244 0.00003119
1.574435 0.00003164
1.571627 0.00003210
1.568818 0.00003257
1.566010 0.00003305
1.563202 0.00003354
1.560393 0.00003404
1.557585 0.00003456
1.554776 0.00003508
1.551968 0.00003562
1.549159 0.00003617
1.546351 0.00003673
1.543543 0.00003731
1.540734 0.00003790
1.537926 0.00003851
1.535117 0.00003913
1.532309 0.00003976
1.529501 0.00004041
1.526692 0.00004108
1.523884 0.00004176
1.521075 0.00004246
1.518267 0.00004318
1.515458 0.00004391
1.512650 0.00004467
1.509842 0.00004544
1.507033 0.00004624
1.504225 0.00004706
1.501416 0.00004790
1.498608 0.00004876
1.495800 0.00004964
1.492991 0.00005055
1.490183 0.00005149
1.487374 0.00005245
1.484566 0.00005344
1.481757 0.00005445
1.478949 0.00005550
1.476141 0.00005658
1.473332 0.00005768
1.470524 0.00005883
1.467715 0.00006000
1.464907 0.00006121
1.462099 0.00006246
1.459290 0.00006375
1.456482 0.00006508
1.453673 0.00006645
1.450865 0.00006786
1.448056 0.00006932
1.445248 0.00007083
1.442440 0.00007238
1.439631 0.00007399
1.436823 0.00007566
1.434014 0.00007738
1.431206 0.00007916
1.428398 0.00008100
1.425589 0.00008291
1.422781 0.00008488
1.419972 0.00008693
1.417164 0.00008906
1.414355 0.00009126
1.411547 0.00009354
1.408739 0.00009592
1.405930 0.00009838
1.403122 0.00010094
1.400313 0.00010361
1.397505 0.00010638
1.394697 0.00010926
1.391888 0.00011227
1.389080 0.00011540
1.386271 0.00011866
1.383463 0.00012206
1.380654 0.00012562
1.377846 0.00012933
1.375038 0.00013321
1.372229 0.00013726
1.369421 0.00014151
1.366612 0.00014596
1.363804 0.00015062
1.360996 0.00015551
1.358187 0.00016065
1.355379 0.00016604
1.352570 0.00017171
1.349762 0.00017768
1.346953 0.00018397
1.344145 0.00019061
1.341337 0.00019760
1.338528 0.00020500
1.335720 0.00021282
1.332911 0.00022110
1.330103 0.00022988
1.327295 0.00023919
1.324486 0.00024909
1.321678 0.00025962
1.318869 0.00027084
1.316061 0.00028281
1.313252 0.00029560
1.310444 0.00030929
1.307636 0.00032396
1.304827 0.00033971
1.302019 0.00035665
1.299210 0.00037490
1.296402 0.00039462
1.293594 0.00041595
1.290785 0.00043908
1.287977 0.00046423
1.285168 0.00049164
1.282360 0.00052158
1.279551 0.00055440
1.276743 0.00059048
1.273935 0.00063026
1.271126 0.00067429
1.268318 0.00072320
1.265509 0.00077775
1.262701 0.00083889
1.259893 0.00090771
1.257084 0.00098562
1.254276 0.00107432
1.251467 0.00117597
1.248659 0.00129328
1.245851 0.00142976
1.243042 0.00158999
1.240234 0.00178001
1.237425 0.00200803
1.234617 0.00228536
1.231808 0.00262802
1.229000 0.00305940
1.226192 0.00361480
1.223383 0.00434983
1.220575 0.00535666
1.217766 0.00679814
1.214958 0.00898658
1.212150 0.01258984
1.209341 0.01926982
1.206533 0.03421379
1.203724 0.08106659
1.200916 0.38186587
1.198107 0.59071214
1.195299 0.12859776
1.192491 0.05924091
1.189682 0.06524632
1.186874 0.13874898
1.184065 0.28812961
1.181257 0.82018357
1.178449 0.22171189
1.175640 0.16163718
1.172832 0.27646270
1.170023 0.08819889
1.167215 0.06529154
1.164406 0.04410583
1.161598 0.11911259
1.158790 0.30091670
1.155981 0.05003805
1.153173 0.01958003
1.150364 0.01114273
1.147556 0.00751814
1.144748 0.00556260
1.141939 0.00435433
1.139131 0.00353900
1.136322 0.00295427
1.133514 0.00251595
1.130705 0.00217621
1.127897 0.00190595
1.125089 0.00168643
1.122280 0.00150507
1.119472 0.00135308
1.116663 0.00122416
1.113855 0.00111368
1.111047 0.00101814
1.108238 0.00093487
1.105430 0.00086178
1.102621 0.00079723
1.099813 0.00073989
1.097004 0.00068869
1.094196 0.00064278
1.091388 0.00060142
1.088579 0.00056403
1.085771 0.00053009
1.082962 0.00049919
1.080154 0.00047097
1.077346 0.00044512
1.074537 0.00042138
1.071729 0.00039952
1.068920 0.00037935
1.066112 0.00036068
1.063303 0.00034339
1.060495 0.00032732
1.057687 0.00031237
1.054878 0.00029843
1.052070 0.00028542
1.049261 0.00027325
1.046453 0.00026185
1.043645 0.00025116
1.040836 0.00024111
1.038028 0.00023166
1.035219 0.00022276
1.032411 0.00021437
1.029602 0.00020645
1.026794 0.00019896
1.023986 0.00019188
1.021177 0.00018517
1.018369 0.00017881
1.015560 0.00017277
1.012752 0.00016704
1.009944 0.00016159
1.007135 0.00015640
1.004327 0.00015146
1.001518 0.00014676
0.998710 0.00014227
0.995901 0.00013798
0.993093 0.00013389
0.990285 0.00012997
0.987476 0.00012623
0.984668 0.00012265
0.981859 0.00011922
0.979051 0.00011593
0.976243 0.00011277
0.973434 0.00010975
0.970626 0.00010684
0.967817 0.00010405
0.965009 0.00010137
0.962200 0.00009879
0.959392 0.00009630
0.956584 0.00009391
0.953775 0.00009161
0.950967 0.00008940
0.948158 0.00008726
0.945350 0.00008520
0.942542 0.00008321
0.939733 0.00008129
0.936925 0.00007944
0.934116 0.00007764
0.931308 0.00007591
0.928499 0.00007424
0.925691 0.00007262
0.922883 0.00007106
0.920074 0.00006954
0.917266 0.00006807
0.914457 0.00006665
0.911649 0.00006527
0.908841 0.00006394
0.906032 0.00006265
0.903224 0.00006139
0.900415 0.00006017
0.897607 0.00005899
0.894798 0.00005784
0.891990 0.00005673
0.889182 0.00005565
0.886373 0.00005460
0.883565 0.00005358
0.880756 0.00005258
0.877948 0.00005162
0.875140 0.00005068
0.872331 0.00004976
0.869523 0.00004888
0.866714 0.00004801
0.863906 0.00004717
0.861097 0.00004635
0.858289 0.00004555
0.855481 0.00004477
0.852672 0.00004401
0.849864 0.00004327
0.847055 0.00004255
0.844247 0.00004185
0.841439 0.00004116
0.838630 0.00004049
0.835822 0.00003984
0.833013 0.00003920
0.830205 0.00003858
0.827396 0.00003797
0.824588 0.00003738
0.821780 0.00003680
0.818971 0.00003624
0.816163 0.00003568
0.813354 0.00003514
0.810546 0.00003462
0.807738 0.00003410
0.804929 0.00003359
0.802121 0.00003310
0.799312 0.00003262
0.796504 0.00003215
0.793695 0.00003168
0.790887 0.00003123
0.788079 0.00003079
0.785270 0.00003036
0.782462 0.00002993
0.779653 0.00002952
0.776845 0.00002911
0.774037 0.00002871
0.771228 0.00002832
0.768420 0.00002794
0.765611 0.00002757
0.762803 0.00002720
0.759994 0.00002684
0.757186 0.00002649
0.754378 0.00002614
0.751569 0.00002580
0.748761 0.00002547
0.745952 0.00002515
0.743144 0.00002483
0.740336 0.00002451
0.737527 0.00002421
0.734719 0.00002390
0.731910 0.00002361
0.729102 0.00002332
0.726293 0.00002303
0.723485 0.00002275
0.720677 0.00002248
0.717868 0.00002221
0.715060 0.00002194
0.712251 0.00002168
0.709443 0.00002142
0.706635 0.00002117
0.703826 0.00002093
0.701018 0.00002068
0.698209 0.00002045
0.695401 0.00002021
0.692592 0.00001998
0.689784 0.00001975
0.686976 0.00001953
0.684167 0.00001931
0.681359 0.00001910
0.678550 0.00001889
0.675742 0.00001868
0.672934 0.00001847
0.670125 0.00001827
0.667317 0.00001807
0.664508 0.00001788
0.661700 0.00001769
0.658891 0.00001750
0.656083 0.00001731
0.653275 0.00001713
0.650466 0.00001695
0.647658 0.00001678
0.644849 0.00001660
0.642041 0.00001643
0.639233 0.00001626
0.636424 0.00001610
0.633616 0.00001593
0.630807 0.00001577
0.627999 0.00001561
0.625190 0.00001546
0.622382 0.00001530
0.619574 0.00001515
0.616765 0.00001500
0.613957 0.00001485
0.611148 0.00001471
0.608340 0.00001457
0.605532 0.00001442
0.602723 0.00001429
0.599915 0.00001415
0.597106 0.00001401
0.594298 0.00001388
0.591489 0.00001375
0.588681 0.00001362
0.585873 0.00001349
0.583064 0.00001337
0.580256 0.00001324
0.577447 0.00001312
0.574639 0.00001300
0.571831 0.00001288
0.569022 0.00001277
0.566214 0.00001265
0.563405 0.00001254
0.560597 0.00001242
0.557788 0.00001231
0.554980 0.00001220
0.552172 0.00001210
0.549363 0.00001199
0.546555 0.00001188
0.543746 0.00001178
0.540938 0.00001168
0.538130 0.00001158
0.535321 0.00001148
0.532513 0.00001138
0.529704 0.00001128
0.526896 0.00001119
0.524088 0.00001109
0.521279 0.00001100
0.518471 0.00001091
0.515662 0.00001082
0.512854 0.00001073
0.510045 0.00001064
0.507237 0.00001055
0.504429 0.00001046
0.501620 0.00001038
0.498812 0.00001029
0.496003 0.00001021
0.493195 0.00001013
0.490387 0.00001004
0.487578 0.00000996
0.484770 0.00000988
0.481961 0.00000981
0.479153 0.00000973
0.476344 0.00000965
0.473536 0.00000958
0.470728 0.00000950
0.467919 0.00000943
0.465111 0.00000935
0.462302 0.00000928
0.459494 0.00000921
0.456686 0.00000914
0.453877 0.00000907
0.451069 0.00000900
0.448260 0.00000893
0.445452 0.00000886
0.442643 0.00000880
0.439835 0.00000873
0.437027 0.00000867
0.434218 0.00000860
0.431410 0.00000854
0.428601 0.00000847
0.425793 0.00000841
0.422985 0.00000835
0.420176 0.00000829
0.417368 0.00000823
0.414559 0.00000817
0.411751 0.00000811
0.408942 0.00000805
0.406134 0.00000799
0.403326 0.00000794
0.400517 0.00000788
0.397709 0.00000783
0.394900 0.00000777
0.392092 0.00000772
0.389284 0.00000766
0.386475 0.00000761
0.383667 0.00000755
0.380858 0.00000750
0.378050 0.00000745
0.375241 0.00000740
0.372433 0.00000735
0.369625 0.00000730
0.366816 0.00000725
0.364008 0.00000720
0.361199 0.00000715
0.358391 0.00000710
0.355583 0.00000705
0.352774 0.00000701
0.349966 0.00000696
0.347157 0.00000691
0.344349 0.00000687
0.341540 0.00000682
0.338732 0.00000678
0.335924 0.00000673
0.333115 0.00000669
0.330307 0.00000664
0.327498 0.00000660
0.324690 0.00000656
0.321882 0.00000652
0.319073 0.00000647
0.316265 0.00000643
0.313456 0.00000639
0.310648 0.00000635
0.307839 0.00000631
0.305031 0.00000627
0.302223 0.00000623
0.299414 0.00000619
0.296606 0.00000615
0.293797 0.00000611
0.290989 0.00000608
0.288181 0.00000604
0.285372 0.00000600
0.282564 0.00000596
0.279755 0.00000593
0.276947 0.00000589
0.274138 0.00000585
0.271330 0.00000582
0.268522 0.00000578
0.265713 0.00000575
0.262905 0.00000571
0.260096 0.00000568
0.257288 0.00000565
0.254480 0.00000561
0.251671 0.00000558
0.248863 0.00000555
0.246054 0.00000551
0.243246 0.00000548
0.240437 0.00000545
0.237629 0.00000542
0.234821 0.00000538
0.232012 0.00000535
0.229204 0.00000532
0.226395 0.00000529
0.223587 0.00000526
0.220779 0.00000523
0.217970 0.00000520
0.215162 0.00000517
0.212353 0.00000514
0.209545 0.00000511
0.206736 0.00000508
0.203928 0.00000505
0.201120 0.00000502
0.198311 0.00000500
0.195503 0.00000497
0.192694 0.00000494
0.189886 0.00000491
0.187078 0.00000488
0.184269 0.00000486
0.181461 0.00000483
0.178652 0.00000480
0.175844 0.00000478
0.173035 0.00000475
0.170227 0.00000472
0.167419 0.00000470
0.164610 0.00000467
0.161802 0.00000465
0.158993 0.00000462
0.156185 0.00000460
0.153377 0.00000457
0.150568 0.00000455
0.147760 0.00000452
0.144951 0.00000450
0.142143 0.00000448
0.139334 0.00000445
0.136526 0.00000443
0.133718 0.00000440
0.130909 0.00000438
0.128101 0.00000436
0.125292 0.00000434
0.122484 0.00000431
0.119676 0.00000429
0.116867 0.00000427
0.114059 0.00000425
0.111250 0.00000422
0.108442 0.00000420
0.105633 0.00000418
0.102825 0.00000416
0.100017 0.00000414
0.097208 0.00000412
0.094400 0.00000410
0.091591 0.00000407
0.088783 0.00000405
0.085975 0.00000403
0.083166 0.00000401
0.080358 0.00000399
0.077549 0.00000397
0.074741 0.00000395
0.071932 0.00000393
0.069124 0.00000391
0.066316 0.00000389
0.063507 0.00000388
0.060699 0.00000386
0.057890 0.00000384
0.055082 0.00000382
0.052274 0.00000380
0.049465 0.00000378
0.046657 0.00000376
0.043848 0.00000374
0.041040 0.00000373
0.038231 0.00000371
0.035423 0.00000369
0.032615 0.00000367
0.029806 0.00000365
0.026998 0.00000364
0.024189 0.00000362
0.021381 0.00000360
0.018573 0.00000359
0.015764 0.00000357
0.012956 0.00000355
0.010147 0.00000353
0.007339 0.00000352
0.004530 0.00000350
0.001722 0.00000349
-0.001086 0.00000347
-0.003895 0.00000345
-0.006703 0.00000344
-0.009512 0.00000342
-0.012320 0.00000340
-0.015128 0.00000339
-0.017937 0.00000337
-0.020745 0.00000336
-0.023554 0.00000334
-0.026362 0.00000333
-0.029171 0.00000331
-0.031979 0.00000330
